{"vgg.features.3": [[0.027594166897966, 0.029583428147405017, 0.03330325099258545, 0.0400982780803308, 0.04600237876927057, 0.05429708945935685, 0.06403725647799904, 0.07896896715506693, 0.08686864948002232, 0.09441238742172291], [0.029583428147405017, 0.26107649124318005, 0.25934848705805436, 0.25799489860922725, 0.25683432493698627, 0.2557362347039855, 0.25534951416445495, 0.2572706377806816, 0.25638929467609634, 0.25697085312439744], [0.03330325099258545, 0.25934848705805436, 0.3146408505532988, 0.3128187677390171, 0.31095850606454617, 0.30939529220801115, 0.30835746504782596, 0.3090991703353193, 0.30736096996436785, 0.3073085606397899], [0.0400982780803308, 0.25799489860922725, 0.3128187677390171, 0.3504000866392307, 0.34815240106956363, 0.3463915857608602, 0.3449728824175006, 0.34504020584563566, 0.3429917681886271, 0.3425059957212137], [0.04600237876927057, 0.25683432493698627, 0.31095850606454617, 0.34815240106956363, 0.37843017854115035, 0.37667233221411694, 0.3752034227326305, 0.374717127305162, 0.37243254305989726, 0.37174002957957875], [0.05429708945935685, 0.2557362347039855, 0.30939529220801115, 0.3463915857608602, 0.37667233221411694, 0.4013527671774639, 0.3997792664312079, 0.39868473054618336, 0.3962825249733123, 0.3953142750470164], [0.06403725647799904, 0.25534951416445495, 0.30835746504782596, 0.3449728824175006, 0.3752034227326305, 0.3997792664312079, 0.4277928812081994, 0.42620309840101483, 0.4234140992828808, 0.42216100520336286], [0.07896896715506693, 0.2572706377806816, 0.3090991703353193, 0.34504020584563566, 0.374717127305162, 0.39868473054618336, 0.42620309840101483, 0.4474703948066562, 0.44458539849047124, 0.44314272465781], [0.08686864948002232, 0.25638929467609634, 0.30736096996436785, 0.3429917681886271, 0.37243254305989726, 0.3962825249733123, 0.4234140992828808, 0.44458539849047124, 0.45785515093990115, 0.45625748529801335], [0.09441238742172291, 0.25697085312439744, 0.3073085606397899, 0.3425059957212137, 0.37174002957957875, 0.3953142750470164, 0.42216100520336286, 0.44314272465781, 0.45625748529801335, 0.46871724930002023]], "vgg.features.6": [[0.0362714590496494, 0.042803841794181334, 0.05412768882594787, 0.08505108831727086, 0.09473429347451219, 0.10579689485090715, 0.11631855125080157, 0.13762066188100666, 0.147492290786452, 0.15542022011180523], [0.042803841794181334, 0.28939228775718706, 0.2879669017187359, 0.2904460424983643, 0.29010034413723607, 0.290288028852799, 0.29147929517696197, 0.2954335356531868, 0.2963388859580885, 0.2974102226189557], [0.05412768882594787, 0.2879669017187359, 0.3447233937781322, 0.34472004257453354, 0.34411437206079404, 0.34334588201972516, 0.34336659717658397, 0.3456121226180112, 0.34586662205144136, 0.34658272314548416], [0.08505108831727086, 0.2904460424983643, 0.34472004257453354, 0.3841416639918655, 0.38301260965993783, 0.38176760817351585, 0.3809784209260567, 0.3822049319678731, 0.3820420505135564, 0.38248913709341303], [0.09473429347451219, 0.29010034413723607, 0.34411437206079404, 0.38301260965993783, 0.4131854859029343, 0.4121394871816454, 0.4113793543618939, 0.4118495298747913, 0.4112183413915691, 0.4113798015373799], [0.10579689485090715, 0.290288028852799, 0.34334588201972516, 0.38176760817351585, 0.4121394871816454, 0.4367233148924996, 0.4357760862386151, 0.43527284184323484, 0.4344036681354557, 0.43427562361960087], [0.11631855125080157, 0.29147929517696197, 0.34336659717658397, 0.3809784209260567, 0.4113793543618939, 0.4357760862386151, 0.4627283550528212, 0.46152825205471826, 0.46025412979391545, 0.45991719447446633], [0.13762066188100666, 0.2954335356531868, 0.3456121226180112, 0.3822049319678731, 0.4118495298747913, 0.43527284184323484, 0.46152825205471826, 0.4822600472353179, 0.48080344797170294, 0.48026330158776337], [0.147492290786452, 0.2963388859580885, 0.34586662205144136, 0.3820420505135564, 0.4112183413915691, 0.4344036681354557, 0.46025412979391545, 0.48080344797170294, 0.49493350892769933, 0.4941797882572546], [0.15542022011180523, 0.2974102226189557, 0.34658272314548416, 0.38248913709341303, 0.4113798015373799, 0.43427562361960087, 0.45991719447446633, 0.48026330158776337, 0.4941797882572546, 0.507652546466284]], "vgg.features.8": [[0.05626687333140242, 0.06631779750707115, 0.08999610547909481, 0.147594464167599, 0.1703282226594798, 0.1910713845842733, 0.20293652655030453, 0.23028752813796172, 0.2452886830493001, 0.25693262300085945], [0.06631779750707115, 0.34798586340638904, 0.349238177571584, 0.3589072735380179, 0.36297599334630276, 0.366766628943958, 0.36899873384923254, 0.37759685195782955, 0.3820708273088301, 0.3855125432234928], [0.08999610547909481, 0.349238177571584, 0.411912360362511, 0.4185948504651944, 0.4220002298389771, 0.42439557241665155, 0.42578580615909495, 0.43199449992531025, 0.4354991007273011, 0.43850731637904333], [0.147594464167599, 0.3589072735380179, 0.4185948504651944, 0.4619236148150558, 0.4647540992452564, 0.4662854866770436, 0.46688611815089465, 0.47228511719718924, 0.47493053989231115, 0.47742701416524536], [0.1703282226594798, 0.36297599334630276, 0.4220002298389771, 0.4647540992452564, 0.49446007637803696, 0.49587775252003197, 0.49636721724340477, 0.5005533642948397, 0.502534854984531, 0.5048159339294395], [0.1910713845842733, 0.366766628943958, 0.42439557241665155, 0.4662854866770436, 0.49587775252003197, 0.522388756205947, 0.5226115055373581, 0.5259108924093133, 0.5274230207236597, 0.5293560749408], [0.20293652655030453, 0.36899873384923254, 0.42578580615909495, 0.46688611815089465, 0.49636721724340477, 0.5226115055373581, 0.5474007669622462, 0.5498693078628292, 0.5508342887086525, 0.5523569148873171], [0.23028752813796172, 0.37759685195782955, 0.43199449992531025, 0.47228511719718924, 0.5005533642948397, 0.5259108924093133, 0.5498693078628292, 0.5691526436159002, 0.5700547289414776, 0.5713896111777205], [0.2452886830493001, 0.3820708273088301, 0.4354991007273011, 0.47493053989231115, 0.502534854984531, 0.5274230207236597, 0.5508342887086525, 0.5700547289414776, 0.5830353480159942, 0.5841117827364893], [0.25693262300085945, 0.3855125432234928, 0.43850731637904333, 0.47742701416524536, 0.5048159339294395, 0.5293560749408, 0.5523569148873171, 0.5713896111777205, 0.5841117827364893, 0.5972601320472692]], "vgg.features.11": [[0.06778212061178289, 0.08176870095243265, 0.10375774967508183, 0.1408549592929492, 0.16702306409466366, 0.1828325633240571, 0.1976815925680524, 0.23355988342610529, 0.25050783310548114, 0.2585759560493466], [0.08176870095243265, 0.3655424969828808, 0.3661191732576935, 0.36990113295287524, 0.37139298268388393, 0.37191819377739943, 0.3759268717023645, 0.3849469072904591, 0.38978517209056507, 0.3898479107301883], [0.10375774967508183, 0.3661191732576935, 0.4289058498842254, 0.429960495323354, 0.430029127026583, 0.4301969454739296, 0.43280212554739267, 0.4381874167226644, 0.44109444514981655, 0.4410390157683849], [0.1408549592929492, 0.36990113295287524, 0.429960495323354, 0.4710165633645807, 0.469922310864668, 0.4699032240469429, 0.4712306153408677, 0.4747422843546186, 0.476639158047575, 0.47646413221878625], [0.16702306409466366, 0.37139298268388393, 0.430029127026583, 0.469922310864668, 0.49541806147218753, 0.4952425037313377, 0.4961373779589744, 0.4987334235391771, 0.49992542452828853, 0.49978577048586115], [0.1828325633240571, 0.37191819377739943, 0.4301969454739296, 0.4699032240469429, 0.4952425037313377, 0.5186399614181202, 0.519301638777439, 0.5211713686551898, 0.5219380971250875, 0.5218442400986849], [0.1976815925680524, 0.3759268717023645, 0.43280212554739267, 0.4712306153408677, 0.4961373779589744, 0.519301638777439, 0.5447387530495031, 0.5457320883838471, 0.5459140752901349, 0.5457470168077801], [0.23355988342610529, 0.3849469072904591, 0.4381874167226644, 0.4747422843546186, 0.4987334235391771, 0.5211713686551898, 0.5457320883838471, 0.5625479502574677, 0.5624860340420318, 0.562240991814789], [0.25050783310548114, 0.38978517209056507, 0.44109444514981655, 0.476639158047575, 0.49992542452828853, 0.5219380971250875, 0.5459140752901349, 0.5624860340420318, 0.5740449510257325, 0.5736426562391075], [0.2585759560493466, 0.3898479107301883, 0.4410390157683849, 0.47646413221878625, 0.49978577048586115, 0.5218442400986849, 0.5457470168077801, 0.562240991814789, 0.5736426562391075, 0.5859170475654835]], "vgg.features.13": [[0.1051446570928778, 0.1297994084958307, 0.1770990578560727, 0.23630992625305436, 0.26428089177417524, 0.2819394798819035, 0.3023021687177861, 0.33408774652479273, 0.35369422792047844, 0.3580622723484932], [0.1297994084958307, 0.4850553191084353, 0.4896064747617098, 0.49953783699040955, 0.5017666886158959, 0.5051406995163705, 0.5103249403817631, 0.5152526234410157, 0.5199422765664542, 0.5182228044130711], [0.1770990578560727, 0.4896064747617098, 0.5616468830680185, 0.56684400442526, 0.5668054857970051, 0.5688510756086993, 0.5720586012708138, 0.5738508618733921, 0.5767127162410829, 0.5748348681339527], [0.23630992625305436, 0.49953783699040955, 0.56684400442526, 0.6114987222189934, 0.6105582799948459, 0.6120175445536599, 0.6142823179993591, 0.6146413815709184, 0.6168493354543604, 0.6149893118127818], [0.26428089177417524, 0.5017666886158959, 0.5668054857970051, 0.6105582799948459, 0.6372201338834781, 0.638333421326446, 0.6402237133480181, 0.6400303192062624, 0.6416813359043646, 0.6399175326663868], [0.2819394798819035, 0.5051406995163705, 0.5688510756086993, 0.6120175445536599, 0.638333421326446, 0.6613124031578936, 0.6630362692077517, 0.6621662815151832, 0.6634818846439432, 0.6619200012172904], [0.3023021687177861, 0.5103249403817631, 0.5720586012708138, 0.6142823179993591, 0.6402237133480181, 0.6630362692077517, 0.6875014862424301, 0.685913017204632, 0.68685033796328, 0.6856798842018903], [0.33408774652479273, 0.5152526234410157, 0.5738508618733921, 0.6146413815709184, 0.6400303192062624, 0.6621662815151832, 0.685913017204632, 0.7024210369037961, 0.7033409912873757, 0.7022784868910061], [0.35369422792047844, 0.5199422765664542, 0.5767127162410829, 0.6168493354543604, 0.6416813359043646, 0.6634818846439432, 0.68685033796328, 0.7033409912873757, 0.7155303569268784, 0.7144216329076887], [0.3580622723484932, 0.5182228044130711, 0.5748348681339527, 0.6149893118127818, 0.6399175326663868, 0.6619200012172904, 0.6856798842018903, 0.7022784868910061, 0.7144216329076887, 0.7269403821981487]]}