{"vgg.features.3": [[0.02407233125851609, 0.030399563841881132, 0.042455838137440215, 0.05691544047157893, 0.06912230907796862, 0.08408960497447002, 0.10528088402134289, 0.12866695117774113, 0.1462261187551138, 0.15879650759911623], [0.030399563841881132, 0.2048543572863338, 0.20297163126363335, 0.20157385327757424, 0.2005594125034023, 0.20194320560131526, 0.20801021475928427, 0.215534748671828, 0.22051878035386763, 0.22576150151857946], [0.042455838137440215, 0.20297163126363335, 0.2429542509352524, 0.24099496526341493, 0.23889137229030566, 0.23797753839770588, 0.24089304149535, 0.24667829972405417, 0.2499172623743272, 0.25344499701465234], [0.05691544047157893, 0.20157385327757424, 0.24099496526341493, 0.2758424739136908, 0.27307176363367025, 0.27139191828458115, 0.2726374988998216, 0.2769066229072957, 0.2788896430868941, 0.281043391149273], [0.06912230907796862, 0.2005594125034023, 0.23889137229030566, 0.27307176363367025, 0.3135589376549483, 0.31220266976829864, 0.3140117374170262, 0.31776742756909, 0.31944811347580576, 0.3208773017550657], [0.08408960497447002, 0.20194320560131526, 0.23797753839770588, 0.27139191828458115, 0.31220266976829864, 0.340009249822229, 0.3416519691747373, 0.3441472238367526, 0.3455353183431293, 0.3459092112183424], [0.10528088402134289, 0.20801021475928427, 0.24089304149535, 0.2726374988998216, 0.3140117374170262, 0.3416519691747373, 0.37429288580315284, 0.37557740129511413, 0.3752677923318113, 0.3748527477499863], [0.12866695117774113, 0.215534748671828, 0.24667829972405417, 0.2769066229072957, 0.31776742756909, 0.3441472238367526, 0.37557740129511413, 0.39829924746886947, 0.3980813974971683, 0.3970290944384572], [0.1462261187551138, 0.22051878035386763, 0.2499172623743272, 0.2788896430868941, 0.31944811347580576, 0.3455353183431293, 0.3752677923318113, 0.3980813974971683, 0.42017783983252704, 0.41867451112824583], [0.15879650759911623, 0.22576150151857946, 0.25344499701465234, 0.281043391149273, 0.3208773017550657, 0.3459092112183424, 0.3748527477499863, 0.3970290944384572, 0.41867451112824583, 0.4380621153911396]], "vgg.features.6": [[0.03394916748323013, 0.04630290754166948, 0.07266777256406833, 0.18234651782401157, 0.19960739565545502, 0.21956103256709011, 0.22223205574441596, 0.24616741349376986, 0.25688589998121514, 0.2618698132887267], [0.04630290754166948, 0.22821082264666592, 0.23654414997629655, 0.278078611258282, 0.2897136700694848, 0.29772933561587106, 0.29893219461946713, 0.31126205205891644, 0.3164891819135936, 0.3201985473655993], [0.07266777256406833, 0.23654414997629655, 0.26897523734208595, 0.29198885126498736, 0.3041111940517619, 0.30827290898932624, 0.3087995783304254, 0.31729260830981854, 0.3210776890104553, 0.324395480940558], [0.18234651782401157, 0.278078611258282, 0.29198885126498736, 0.31642872707566605, 0.3247910792662796, 0.32849520227154244, 0.3288976025592765, 0.3357282367499437, 0.3381820485539985, 0.3419393387133935], [0.19960739565545502, 0.2897136700694848, 0.3041111940517619, 0.3247910792662796, 0.34483904790552994, 0.3488484240366373, 0.34944365558817464, 0.35391647817247496, 0.35576771402633284, 0.35829859387525903], [0.21956103256709011, 0.29772933561587106, 0.30827290898932624, 0.32849520227154244, 0.3488484240366373, 0.3736845979934167, 0.3742715161463417, 0.37828164738660697, 0.3790025363344805, 0.3816352593709219], [0.22223205574441596, 0.29893219461946713, 0.3087995783304254, 0.3288976025592765, 0.34944365558817464, 0.3742715161463417, 0.39583101550675925, 0.3987209164731877, 0.3989834782418589, 0.400941728881467], [0.24616741349376986, 0.31126205205891644, 0.31729260830981854, 0.3357282367499437, 0.35391647817247496, 0.37828164738660697, 0.3987209164731877, 0.4136939903114611, 0.4137850741498193, 0.41529127164395946], [0.25688589998121514, 0.3164891819135936, 0.3210776890104553, 0.3381820485539985, 0.35576771402633284, 0.3790025363344805, 0.3989834782418589, 0.4137850741498193, 0.4272223305668832, 0.4286262160200539], [0.2618698132887267, 0.3201985473655993, 0.324395480940558, 0.3419393387133935, 0.35829859387525903, 0.3816352593709219, 0.400941728881467, 0.41529127164395946, 0.4286262160200539, 0.4410379003572237]], "vgg.features.8": [[0.036678996872375004, 0.0511642241764602, 0.07016700463768896, 0.09209240276822238, 0.11529904931619883, 0.1287080307445841, 0.13639433471974602, 0.16762903105054133, 0.18361128396428159, 0.1815386997453764], [0.0511642241764602, 0.2730528352520289, 0.2660558114340807, 0.267892844720135, 0.26839334833897355, 0.2631793035478087, 0.2664976599099887, 0.2765121832820996, 0.2778387134964024, 0.2731448000666523], [0.07016700463768896, 0.2660558114340807, 0.32362150488972397, 0.32049083328862094, 0.31901610383687595, 0.31119209854468605, 0.3129571600201009, 0.317511734623981, 0.31496840565281664, 0.31168165865769565], [0.09209240276822238, 0.267892844720135, 0.32049083328862094, 0.36872693580737853, 0.36520980384893936, 0.3570123392271528, 0.3587978780306254, 0.3594215673022735, 0.3557462825926565, 0.35535865547491896], [0.11529904931619883, 0.26839334833897355, 0.31901610383687595, 0.36520980384893936, 0.4046947414237048, 0.39787139877315697, 0.39862320909668314, 0.39827706871867224, 0.39336830403062295, 0.39366332033219914], [0.1287080307445841, 0.2631793035478087, 0.31119209854468605, 0.3570123392271528, 0.39787139877315697, 0.4289952480825801, 0.42997261390881536, 0.42871783042164646, 0.4233595160986165, 0.4255215987050627], [0.13639433471974602, 0.2664976599099887, 0.3129571600201009, 0.3587978780306254, 0.39862320909668314, 0.42997261390881536, 0.464708947438518, 0.46213831996293625, 0.4558269395892993, 0.45868980456841013], [0.16762903105054133, 0.2765121832820996, 0.317511734623981, 0.3594215673022735, 0.39827706871867224, 0.42871783042164646, 0.46213831996293625, 0.48362112513671657, 0.4779021965509755, 0.4805416292415269], [0.18361128396428159, 0.2778387134964024, 0.31496840565281664, 0.3557462825926565, 0.39336830403062295, 0.4233595160986165, 0.4558269395892993, 0.4779021965509755, 0.49323231964866365, 0.49557708592270167], [0.1815386997453764, 0.2731448000666523, 0.31168165865769565, 0.35535865547491896, 0.39366332033219914, 0.4255215987050627, 0.45868980456841013, 0.4805416292415269, 0.49557708592270167, 0.5165839388186803]], "vgg.features.11": [[0.057954837981282946, 0.09815920530187577, 0.18365411467530987, 0.2232553844982936, 0.24928353057347724, 0.27025450946416046, 0.29753193451058896, 0.3123485278087745, 0.33082769256773686, 0.336777060587706], [0.09815920530187577, 0.31865772894776045, 0.33463701801009993, 0.34544244433848953, 0.34828404381697226, 0.35591950813546364, 0.37485919884389596, 0.377009702665823, 0.38828994914597487, 0.39527322071339244], [0.18365411467530987, 0.33463701801009993, 0.379756738209179, 0.38424378020330746, 0.3851475167834413, 0.3886203348342383, 0.4044273535110565, 0.4017210478738826, 0.4099987714878843, 0.41867528736851417], [0.2232553844982936, 0.34544244433848953, 0.38424378020330746, 0.4234399057988785, 0.4197692815517532, 0.4200868044292296, 0.4311814322615477, 0.42616372183570306, 0.4315335446544623, 0.44107265560913606], [0.24928353057347724, 0.34828404381697226, 0.3851475167834413, 0.4197692815517532, 0.44285267896507396, 0.43982477767107103, 0.4509328559945258, 0.4465984681905319, 0.4521395047099756, 0.4623775564266107], [0.27025450946416046, 0.35591950813546364, 0.3886203348342383, 0.4200868044292296, 0.43982477767107103, 0.46126511550870797, 0.47099538382808975, 0.46767404762270576, 0.47086545048067746, 0.4800272656498025], [0.29753193451058896, 0.37485919884389596, 0.4044273535110565, 0.4311814322615477, 0.4509328559945258, 0.47099538382808975, 0.49769031933836105, 0.4942445144963668, 0.4961479832471778, 0.5062228090745515], [0.3123485278087745, 0.377009702665823, 0.4017210478738826, 0.42616372183570306, 0.4465984681905319, 0.46767404762270576, 0.4942445144963668, 0.5105748107815303, 0.5117790089471772, 0.5208186723830236], [0.33082769256773686, 0.38828994914597487, 0.4099987714878843, 0.4315335446544623, 0.4521395047099756, 0.47086545048067746, 0.4961479832471778, 0.5117790089471772, 0.524825154266662, 0.5343918896213882], [0.336777060587706, 0.39527322071339244, 0.41867528736851417, 0.44107265560913606, 0.4623775564266107, 0.4800272656498025, 0.5062228090745515, 0.5208186723830236, 0.5343918896213882, 0.5487501046894663]], "vgg.features.13": [[0.08671476572353216, 0.1559248391222443, 0.3414549469103769, 0.5055781507988114, 0.5121976819184756, 0.5219415279739988, 0.5371924948999114, 0.5715559585698832, 0.5891020897026311, 0.571801103774901], [0.1559248391222443, 0.5017695798609202, 0.517809789132441, 0.5716873347093935, 0.5625776247286215, 0.5671004212636888, 0.5696833178827915, 0.5864077592407343, 0.5872648315809411, 0.5814957561380216], [0.3414549469103769, 0.517809789132441, 0.5862953647641374, 0.6041861904134224, 0.5909051296824666, 0.5927894776025496, 0.5955363171740108, 0.607008879814891, 0.6050963990996341, 0.5988329431196917], [0.5055781507988114, 0.5716873347093935, 0.6041861904134224, 0.6372308441397029, 0.6238186659375765, 0.6236512893188405, 0.6245676068599212, 0.635485689857382, 0.6333266821568472, 0.6285434737700587], [0.5121976819184756, 0.5625776247286215, 0.5909051296824666, 0.6238186659375765, 0.6460506378123801, 0.6462244588244351, 0.6465549834825094, 0.6547261177454979, 0.6521307712845171, 0.6472981616744514], [0.5219415279739988, 0.5671004212636888, 0.5927894776025496, 0.6236512893188405, 0.6462244588244351, 0.6634333870848903, 0.6645171366526869, 0.6708306627679088, 0.6683112207066313, 0.6646485237213657], [0.5371924948999114, 0.5696833178827915, 0.5955363171740108, 0.6245676068599212, 0.6465549834825094, 0.6645171366526869, 0.6884721506279603, 0.6927409848985232, 0.6893162375250357, 0.688871598948837], [0.5715559585698832, 0.5864077592407343, 0.607008879814891, 0.635485689857382, 0.6547261177454979, 0.6708306627679088, 0.6927409848985232, 0.7056562976827683, 0.7021293909311982, 0.7019042381007046], [0.5891020897026311, 0.5872648315809411, 0.6050963990996341, 0.6333266821568472, 0.6521307712845171, 0.6683112207066313, 0.6893162375250357, 0.7021293909311982, 0.7106620122165379, 0.7103032270668147], [0.571801103774901, 0.5814957561380216, 0.5988329431196917, 0.6285434737700587, 0.6472981616744514, 0.6646485237213657, 0.688871598948837, 0.7019042381007046, 0.7103032270668147, 0.7210659336950954]]}