{"vgg.features.3": [[0.02394129574853369, 0.030884775302928533, 0.042313508750464274, 0.05656286191128076, 0.06858784697941392, 0.08343601535389743, 0.1045986012481872, 0.12786339285008297, 0.14535034405322161, 0.15784425846938765], [0.030884775302928533, 0.20278742133205258, 0.20095561073297705, 0.19945102248077665, 0.19866129432869545, 0.19995609365958109, 0.20605539116561716, 0.21348948280055807, 0.21863876516906847, 0.22380919498142196], [0.042313508750464274, 0.20095561073297705, 0.24091029897287902, 0.23893675739173223, 0.23686049231255665, 0.23598790446667983, 0.238891672542386, 0.24462828269547426, 0.2479198476975394, 0.2514994190245713], [0.05656286191128076, 0.19945102248077665, 0.23893675739173223, 0.2738025922010143, 0.27106509955941666, 0.26937908211952183, 0.27057448680995533, 0.2748672642391405, 0.2768509955005948, 0.27901149071891124], [0.06858784697941392, 0.19866129432869545, 0.23686049231255665, 0.27106509955941666, 0.3116881953276088, 0.3103639966781692, 0.3120922179769135, 0.31588574262844826, 0.3175673393512546, 0.3190555355154639], [0.08343601535389743, 0.19995609365958109, 0.23598790446667983, 0.26937908211952183, 0.3103639966781692, 0.33812346303264673, 0.33977305591521095, 0.34223133648593296, 0.34363720039173684, 0.344076560969894], [0.1045986012481872, 0.20605539116561716, 0.238891672542386, 0.27057448680995533, 0.3120922179769135, 0.33977305591521095, 0.372417636793883, 0.3737267287397845, 0.37337114770921315, 0.37296044784238375], [0.12786339285008297, 0.21348948280055807, 0.24462828269547426, 0.2748672642391405, 0.31588574262844826, 0.34223133648593296, 0.3737267287397845, 0.3964288890826211, 0.3962389764014694, 0.3951554428330098], [0.14535034405322161, 0.21863876516906847, 0.2479198476975394, 0.2768509955005948, 0.3175673393512546, 0.34363720039173684, 0.37337114770921315, 0.3962389764014694, 0.4184087289496482, 0.41688500037201986], [0.15784425846938765, 0.22380919498142196, 0.2514994190245713, 0.27901149071891124, 0.3190555355154639, 0.344076560969894, 0.37296044784238375, 0.3951554428330098, 0.41688500037201986, 0.43631094625264805]], "vgg.features.6": [[0.03339977577562251, 0.046071023182346335, 0.07234818058016193, 0.18214678222711222, 0.19944320064237256, 0.21934114602050012, 0.22208931294681167, 0.24592482243432373, 0.2565993396789853, 0.2616335767598317], [0.046071023182346335, 0.2277914232777882, 0.23609852066308054, 0.2777562889545668, 0.2893778755120531, 0.2973850002902766, 0.29859759500097083, 0.31094370056760695, 0.3162033175803682, 0.3199355024524146], [0.07234818058016193, 0.23609852066308054, 0.2685516327583026, 0.2916203040349826, 0.3037397278864673, 0.3078613781911729, 0.30840302538635456, 0.31695135332112845, 0.3207119983464273, 0.324049627724603], [0.18214678222711222, 0.2777562889545668, 0.2916203040349826, 0.3160614441826065, 0.3244447528650141, 0.3281132273176119, 0.3285343050799818, 0.3353781161128999, 0.33783009470181646, 0.3415863778193592], [0.19944320064237256, 0.2893778755120531, 0.3037397278864673, 0.3244447528650141, 0.3444709076362173, 0.34849676752691805, 0.3490970564470509, 0.35353742439838987, 0.3554114383188918, 0.35799559684027166], [0.21934114602050012, 0.2973850002902766, 0.3078613781911729, 0.3281132273176119, 0.34849676752691805, 0.3733232658104119, 0.37386906674806164, 0.3778890383400999, 0.3786369474502666, 0.38126525748649076], [0.22208931294681167, 0.29859759500097083, 0.30840302538635456, 0.3285343050799818, 0.3490970564470509, 0.37386906674806164, 0.3954328179755443, 0.3983382052026085, 0.3986486474584166, 0.40057989305515285], [0.24592482243432373, 0.31094370056760695, 0.31695135332112845, 0.3353781161128999, 0.35353742439838987, 0.3778890383400999, 0.3983382052026085, 0.4133370213118276, 0.4133775307242321, 0.4149136829963728], [0.2565993396789853, 0.3162033175803682, 0.3207119983464273, 0.33783009470181646, 0.3554114383188918, 0.3786369474502666, 0.3986486474584166, 0.4133775307242321, 0.42686697499037024, 0.42829345009229713], [0.2616335767598317, 0.3199355024524146, 0.324049627724603, 0.3415863778193592, 0.35799559684027166, 0.38126525748649076, 0.40057989305515285, 0.4149136829963728, 0.42829345009229713, 0.44063671336805044]], "vgg.features.8": [[0.03655633656055638, 0.05101164345497936, 0.0699348643049608, 0.09161503919428202, 0.11494173974045856, 0.12831041502066984, 0.13602211376815915, 0.16726847811431575, 0.1832510566112127, 0.1811089941613643], [0.05101164345497936, 0.27270089642096285, 0.26565584754552407, 0.2675001103112698, 0.2680333518326413, 0.26281862841049447, 0.2660938876543971, 0.2761193004682671, 0.2774313416173151, 0.2727427197936081], [0.0699348643049608, 0.26565584754552407, 0.32331257790754275, 0.3201726949721419, 0.3186786940348589, 0.3108667399575608, 0.31263219630863226, 0.31717904358489224, 0.31459096352653937, 0.31132239002353285], [0.09161503919428202, 0.2675001103112698, 0.3201726949721419, 0.36835270617282356, 0.36487141973422105, 0.3567065257284035, 0.35844933392153094, 0.35907998053592494, 0.3554131512096307, 0.355005945931448], [0.11494173974045856, 0.2680333518326413, 0.3186786940348589, 0.36487141973422105, 0.40436197393089884, 0.397559633218485, 0.3982685892467147, 0.39790249331721, 0.393028134113249, 0.3932829790715514], [0.12831041502066984, 0.26281862841049447, 0.3108667399575608, 0.3567065257284035, 0.397559633218485, 0.4286784828993793, 0.42965224090519416, 0.42836577609149223, 0.42302006894946126, 0.42519924609466586], [0.13602211376815915, 0.2660938876543971, 0.31263219630863226, 0.35844933392153094, 0.3982685892467147, 0.42965224090519416, 0.4643909164002373, 0.46179039057998345, 0.4554816991641342, 0.4583655425878847], [0.16726847811431575, 0.2761193004682671, 0.31717904358489224, 0.35907998053592494, 0.39790249331721, 0.42836577609149223, 0.46179039057998345, 0.4832928313580925, 0.47755204682533514, 0.48021556539190974], [0.1832510566112127, 0.2774313416173151, 0.31459096352653937, 0.3554131512096307, 0.393028134113249, 0.42302006894946126, 0.4554816991641342, 0.47755204682533514, 0.49289155277241475, 0.49524451042783885], [0.1811089941613643, 0.2727427197936081, 0.31132239002353285, 0.355005945931448, 0.3932829790715514, 0.42519924609466586, 0.4583655425878847, 0.48021556539190974, 0.49524451042783885, 0.5162492002002158]], "vgg.features.11": [[0.057853426769121176, 0.09807688952962978, 0.18352985451997975, 0.22310664395486324, 0.24915078525666925, 0.2701040031863889, 0.2973711678093585, 0.31218111270569604, 0.33067747143002857, 0.3366025535721119], [0.09807688952962978, 0.31838902081055226, 0.33435975374649535, 0.34515490860841114, 0.34799984642260723, 0.35564072410139863, 0.3746009980510092, 0.3767573965996696, 0.3880617587611884, 0.39504425526126513], [0.18352985451997975, 0.33435975374649535, 0.3794991539094296, 0.38397160801709523, 0.38486277172006733, 0.38832284295243974, 0.40413405855205004, 0.4014340806211958, 0.40969636632832435, 0.41839053795671705], [0.22310664395486324, 0.34515490860841114, 0.38397160801709523, 0.42316973948261033, 0.41951185427898285, 0.4198009197796438, 0.43088230546081263, 0.42585030742777635, 0.4312229626301698, 0.44077560234346874], [0.24915078525666925, 0.34799984642260723, 0.38486277172006733, 0.41951185427898285, 0.44254307537985516, 0.43951431960085197, 0.4506142756077403, 0.4462686319303053, 0.45180635479519915, 0.46205158886282377], [0.2701040031863889, 0.35564072410139863, 0.38832284295243974, 0.4198009197796438, 0.43951431960085197, 0.4609397771708686, 0.47066981838798844, 0.4673361555535965, 0.470525479723556, 0.4796877242764334], [0.2973711678093585, 0.3746009980510092, 0.40413405855205004, 0.43088230546081263, 0.4506142756077403, 0.47066981838798844, 0.4973631869507644, 0.49389960570704483, 0.49580396259712917, 0.5058821650891488], [0.31218111270569604, 0.3767573965996696, 0.4014340806211958, 0.42585030742777635, 0.4462686319303053, 0.4673361555535965, 0.49389960570704483, 0.5102279217504687, 0.5114348818346022, 0.5204846434808083], [0.33067747143002857, 0.3880617587611884, 0.40969636632832435, 0.4312229626301698, 0.45180635479519915, 0.470525479723556, 0.49580396259712917, 0.5114348818346022, 0.524491709130438, 0.5340679300453471], [0.3366025535721119, 0.39504425526126513, 0.41839053795671705, 0.44077560234346874, 0.46205158886282377, 0.4796877242764334, 0.5058821650891488, 0.5204846434808083, 0.5340679300453471, 0.5484297850505844]], "vgg.features.13": [[0.08648099979008259, 0.15574640696897554, 0.34129177540245026, 0.5053516456577549, 0.5119591608473697, 0.5216790862763843, 0.5369252309703808, 0.5712865515228244, 0.5888266422854828, 0.5715251618251859], [0.15574640696897554, 0.5014419101034968, 0.5174999963237847, 0.571378809978246, 0.5622613411016658, 0.5667831727875737, 0.5693668409044214, 0.5860969267730881, 0.5869485628444712, 0.5811760365305534], [0.34129177540245026, 0.5174999963237847, 0.5859736355553838, 0.6038682444930985, 0.5905774398309572, 0.5924617070312708, 0.5952086334936089, 0.6066741367833954, 0.6047624209794755, 0.5984967197411629], [0.5053516456577549, 0.571378809978246, 0.6038682444930985, 0.6369182238451184, 0.6234947495133962, 0.623325473590928, 0.624239172386316, 0.6351563105874489, 0.6329980306754341, 0.6282188283277932], [0.5119591608473697, 0.5622613411016658, 0.5905774398309572, 0.6234947495133962, 0.6457333404182878, 0.6459143757256403, 0.6462345472712574, 0.6544073433315803, 0.6518092555702236, 0.6469778231324005], [0.5216790862763843, 0.5667831727875737, 0.5924617070312708, 0.623325473590928, 0.6459143757256403, 0.6631273878857215, 0.6642032566262364, 0.6705171261978975, 0.6680074009241979, 0.6643345546852907], [0.5369252309703808, 0.5693668409044214, 0.5952086334936089, 0.624239172386316, 0.6462345472712574, 0.6642032566262364, 0.6881666650805545, 0.6924335528321868, 0.6890125470966777, 0.6885633567489833], [0.5712865515228244, 0.5860969267730881, 0.6066741367833954, 0.6351563105874489, 0.6544073433315803, 0.6705171261978975, 0.6924335528321868, 0.7053519728628326, 0.7018296434997189, 0.7015967750111973], [0.5888266422854828, 0.5869485628444712, 0.6047624209794755, 0.6329980306754341, 0.6518092555702236, 0.6680074009241979, 0.6890125470966777, 0.7018296434997189, 0.7103607523512717, 0.7099962508598652], [0.5715251618251859, 0.5811760365305534, 0.5984967197411629, 0.6282188283277932, 0.6469778231324005, 0.6643345546852907, 0.6885633567489833, 0.7015967750111973, 0.7099962508598652, 0.7207605292754835]]}