{"vgg.features.3": [[0.03761242840657377, 0.24535884064159627, 0.3354573306828607, 0.3573693976859979, 0.4069089596403205, 0.4435211775819901, 0.47123697373460777, 0.4969938643895893, 0.5011214931306376, 0.5106655528684622], [0.24535884064159627, 0.12828812955297508, 0.22757848855615076, 0.2571311767665084, 0.3050470977576977, 0.33653941608050597, 0.3714216500619852, 0.4058042618009114, 0.41041112854731704, 0.42199412521150675], [0.3354573306828607, 0.22757848855615076, 0.18851288965456398, 0.21398936777341016, 0.25857723283431233, 0.28971147905614153, 0.320479509083753, 0.3578348647675101, 0.3615706334993041, 0.3731236285689535], [0.3573693976859979, 0.2571311767665084, 0.21398936777341016, 0.20668131451501337, 0.2425767033229741, 0.26759444402453464, 0.29416984361746423, 0.3276898646635035, 0.3345479401191652, 0.34226072147586134], [0.4069089596403205, 0.3050470977576977, 0.25857723283431233, 0.2425767033229741, 0.2404727930718645, 0.2659128589217144, 0.2860500397105548, 0.3118570569559357, 0.3206894592229197, 0.3261921222575517], [0.4435211775819901, 0.33653941608050597, 0.28971147905614153, 0.26759444402453464, 0.2659128589217144, 0.27181225503647255, 0.2910710140767652, 0.31451530124537364, 0.32397510381923256, 0.32809498555448885], [0.47123697373460777, 0.3714216500619852, 0.320479509083753, 0.29416984361746423, 0.2860500397105548, 0.2910710140767652, 0.29485491239660416, 0.3128077150985294, 0.3192080832290805, 0.32126729550123906], [0.4969938643895893, 0.4058042618009114, 0.3578348647675101, 0.3276898646635035, 0.3118570569559357, 0.31451530124537364, 0.3128077150985294, 0.3132682845829506, 0.318038362030351, 0.32132482383889643], [0.5011214931306376, 0.41041112854731704, 0.3615706334993041, 0.3345479401191652, 0.3206894592229197, 0.32397510381923256, 0.3192080832290805, 0.318038362030351, 0.32697019312218084, 0.328851279316391], [0.5106655528684622, 0.42199412521150675, 0.3731236285689535, 0.34226072147586134, 0.3261921222575517, 0.32809498555448885, 0.32126729550123906, 0.32132482383889643, 0.328851279316391, 0.33823403192073676]], "vgg.features.6": [[0.04309378396249327, 0.2565093581856644, 0.34284646874072794, 0.387228682723296, 0.4421515899760292, 0.5444381638372973, 0.5022302079913621, 0.5558044424176495, 0.531937988987783, 0.5493301290994881], [0.2565093581856644, 0.1508198400958056, 0.2259678487315142, 0.2746696030235384, 0.32166750964261126, 0.42459281394289, 0.38820787569487375, 0.4451970228092299, 0.4323625875936254, 0.44973867269835865], [0.34284646874072794, 0.2259678487315142, 0.22378442790030628, 0.26284468553217, 0.3029885254905643, 0.3984100015997984, 0.3616112880348612, 0.4157431897312504, 0.40321638678462024, 0.41844249457837307], [0.387228682723296, 0.2746696030235384, 0.26284468553217, 0.25465378726907395, 0.291376429006945, 0.3837224649038613, 0.3496158636858739, 0.40265555551822096, 0.3950397103734364, 0.4106812903897902], [0.4421515899760292, 0.32166750964261126, 0.3029885254905643, 0.291376429006945, 0.29330122342711235, 0.38049534261568213, 0.3463363125772761, 0.39702833145280625, 0.3871206579617963, 0.4024915300769435], [0.5444381638372973, 0.42459281394289, 0.3984100015997984, 0.3837224649038613, 0.38049534261568213, 0.39144638195701836, 0.3569746969392585, 0.4029309944723356, 0.3933394527052412, 0.41048614799765115], [0.5022302079913621, 0.38820787569487375, 0.3616112880348612, 0.3496158636858739, 0.3463363125772761, 0.3569746969392585, 0.3684590212325594, 0.41023917246261943, 0.40127297992399014, 0.41585174344568265], [0.5558044424176495, 0.4451970228092299, 0.4157431897312504, 0.40265555551822096, 0.39702833145280625, 0.4029309944723356, 0.41023917246261943, 0.41633570279558996, 0.407260651469485, 0.4223506692326309], [0.531937988987783, 0.4323625875936254, 0.40321638678462024, 0.3950397103734364, 0.3871206579617963, 0.3933394527052412, 0.40127297992399014, 0.407260651469485, 0.4129249877939117, 0.4271175175980801], [0.5493301290994881, 0.44973867269835865, 0.41844249457837307, 0.4106812903897902, 0.4024915300769435, 0.41048614799765115, 0.41585174344568265, 0.4223506692326309, 0.4271175175980801, 0.4285256171728976]], "vgg.features.8": [[0.05786266801188852, 0.3341081014710067, 0.49620895927834774, 0.5475466140752548, 0.6826263359609369, 0.8790880692899244, 0.8200581193423149, 0.9250199544677252, 0.9019542752673283, 0.9332765002278636], [0.3341081014710067, 0.20359019875481404, 0.34049582798992317, 0.40530780474153477, 0.5505627244273674, 0.7838418974160307, 0.7219726744611441, 0.8312446316601007, 0.8092534819822299, 0.8383570824673314], [0.49620895927834774, 0.34049582798992317, 0.32898018155468295, 0.38654088099040346, 0.5243429494591015, 0.7540114526065003, 0.6953935123624294, 0.8006519453941726, 0.7760773993737926, 0.8032546815637911], [0.5475466140752548, 0.40530780474153477, 0.38654088099040346, 0.3899184788742668, 0.5180886758010714, 0.7493363815814731, 0.6915825602050161, 0.7904394173996327, 0.7701885682696691, 0.7958294286661625], [0.6826263359609369, 0.5505627244273674, 0.5243429494591015, 0.5180886758010714, 0.518103899185835, 0.7473693336926149, 0.6895221907817757, 0.78482446545367, 0.7635267578809296, 0.7891857884362167], [0.8790880692899244, 0.7838418974160307, 0.7540114526065003, 0.7493363815814731, 0.7473693336926149, 0.7519834507788934, 0.6935208961941295, 0.7865129620089233, 0.7686574418149956, 0.7966794675484552], [0.8200581193423149, 0.7219726744611441, 0.6953935123624294, 0.6915825602050161, 0.6895221907817757, 0.6935208961941295, 0.6969490321888389, 0.7868893602160885, 0.7693203963740289, 0.7980808719319904], [0.9250199544677252, 0.8312446316601007, 0.8006519453941726, 0.7904394173996327, 0.78482446545367, 0.7865129620089233, 0.7868893602160885, 0.7802263541308259, 0.7636689768038253, 0.7918525622233114], [0.9019542752673283, 0.8092534819822299, 0.7760773993737926, 0.7701885682696691, 0.7635267578809296, 0.7686574418149956, 0.7693203963740289, 0.7636689768038253, 0.7578797042541926, 0.7861014248355251], [0.9332765002278636, 0.8383570824673314, 0.8032546815637911, 0.7958294286661625, 0.7891857884362167, 0.7966794675484552, 0.7980808719319904, 0.7918525622233114, 0.7861014248355251, 0.7819640397302311]], "vgg.features.11": [[0.07804531396859854, 0.4384260293147904, 0.6854957693076391, 0.8817911372290338, 1.0017170351315023, 1.1992121062152803, 1.204238552885099, 1.2552930619168172, 1.2719108369754908, 1.2864309089226478], [0.4384260293147904, 0.3503440445961857, 0.5599869168847532, 0.770393876129494, 0.9054806238398909, 1.1241023137562045, 1.1197260313967896, 1.1884071684428597, 1.208409405262547, 1.2242677368125365], [0.6854957693076391, 0.5599869168847532, 0.5599697573197145, 0.7587053498252454, 0.8930306947432951, 1.1025161447057799, 1.0997781428195, 1.1759515441222803, 1.1912506165434251, 1.2107407957978293], [0.8817911372290338, 0.770393876129494, 0.7587053498252454, 0.7543497778415, 0.8845560472472056, 1.0908646707157201, 1.087284993272409, 1.1658621217993899, 1.178536096312237, 1.1976923803022876], [1.0017170351315023, 0.9054806238398909, 0.8930306947432951, 0.8845560472472056, 0.8815108557042842, 1.084596332555263, 1.0809302875009406, 1.1599926012396484, 1.1719442993770233, 1.1933374134570325], [1.1992121062152803, 1.1241023137562045, 1.1025161447057799, 1.0908646707157201, 1.084596332555263, 1.0787565077340562, 1.0769394337412441, 1.155948785877608, 1.1667977539177818, 1.188920231661224], [1.204238552885099, 1.1197260313967896, 1.0997781428195, 1.087284993272409, 1.0809302875009406, 1.0769394337412441, 1.079892515808008, 1.158613464335685, 1.1684602255276642, 1.1901073426878033], [1.2552930619168172, 1.1884071684428597, 1.1759515441222803, 1.1658621217993899, 1.1599926012396484, 1.155948785877608, 1.158613464335685, 1.1576952949611508, 1.1671036368886916, 1.1896050494174117], [1.2719108369754908, 1.208409405262547, 1.1912506165434251, 1.178536096312237, 1.1719442993770233, 1.1667977539177818, 1.1684602255276642, 1.1671036368886916, 1.1647428876984334, 1.1881680319208527], [1.2864309089226478, 1.2242677368125365, 1.2107407957978293, 1.1976923803022876, 1.1933374134570325, 1.188920231661224, 1.1901073426878033, 1.1896050494174117, 1.1881680319208527, 1.1844585730655608]], "vgg.features.13": [[0.12652108262456904, 0.7657909598263671, 1.142521500137945, 1.2107215747624356, 1.3045399497982924, 1.3118245173639789, 1.3353953072059397, 1.3642641859426168, 1.3548296804754687, 1.3746617279768434], [0.7657909598263671, 0.54543985240469, 0.9636632885558598, 1.0675785428333164, 1.1950466682462109, 1.2456977483595326, 1.2485947487227922, 1.2926190200155356, 1.2896268936234232, 1.337499072306981], [1.142521500137945, 0.9636632885558598, 0.9485442067487939, 1.0397741082038099, 1.1544402967437755, 1.2333647611817282, 1.2295683554625598, 1.276365518562695, 1.2740257894852938, 1.3150101967925008], [1.2107215747624356, 1.0675785428333164, 1.0397741082038099, 1.0274785917712692, 1.1420171357606268, 1.2241246334755012, 1.2170136583191915, 1.2684030965303414, 1.263129372593529, 1.3029280795221023], [1.3045399497982924, 1.1950466682462109, 1.1544402967437755, 1.1420171357606268, 1.1343234138274563, 1.2193299692223616, 1.2121212040179579, 1.263855129041155, 1.260205604697334, 1.2986341920280446], [1.3118245173639789, 1.2456977483595326, 1.2333647611817282, 1.2241246334755012, 1.2193299692223616, 1.2158778848266567, 1.210107897304299, 1.2619602869143822, 1.2591638811218335, 1.298931170112653], [1.3353953072059397, 1.2485947487227922, 1.2295683554625598, 1.2170136583191915, 1.2121212040179579, 1.210107897304299, 1.206271246414337, 1.2593436299135403, 1.2553889613512688, 1.2973268633008215], [1.3642641859426168, 1.2926190200155356, 1.276365518562695, 1.2684030965303414, 1.263855129041155, 1.2619602869143822, 1.2593436299135403, 1.258248219739412, 1.2554119647582256, 1.2954591314558792], [1.3548296804754687, 1.2896268936234232, 1.2740257894852938, 1.263129372593529, 1.260205604697334, 1.2591638811218335, 1.2553889613512688, 1.2554119647582256, 1.2542114581693988, 1.2935575755214632], [1.3746617279768434, 1.337499072306981, 1.3150101967925008, 1.3029280795221023, 1.2986341920280446, 1.298931170112653, 1.2973268633008215, 1.2954591314558792, 1.2935575755214632, 1.2901325513576836]]}