{"vgg.features.3": [[0.027661055745032567, 0.029563270358256857, 0.03355115056461319, 0.04012057482004085, 0.046449964607180164, 0.0544550137612088, 0.06367577917791585, 0.07840937737015585, 0.0859021586223965, 0.09371751184285759], [0.029563270358256857, 0.2662330238098419, 0.2645454537473352, 0.26327983037358915, 0.26229733520850346, 0.26123346917269774, 0.26094968732708257, 0.2624813959958645, 0.26177364598239794, 0.26232032097593816], [0.03355115056461319, 0.2645454537473352, 0.3206951701886192, 0.3189660223306647, 0.3172652226122778, 0.3157485300056133, 0.3148743896421555, 0.3153517284293025, 0.3138577628437058, 0.3137077175585416], [0.04012057482004085, 0.26327983037358915, 0.3189660223306647, 0.35683998456311466, 0.35475996656858855, 0.35302575748980913, 0.35176059713086666, 0.3515929294287063, 0.34978976750397966, 0.3492026411077939], [0.046449964607180164, 0.26229733520850346, 0.3172652226122778, 0.35475996656858855, 0.38593506574509007, 0.38418587636948415, 0.3828829221073191, 0.3821611410877621, 0.38014944668568207, 0.37934047923975023], [0.0544550137612088, 0.26123346917269774, 0.3157485300056133, 0.35302575748980913, 0.38418587636948415, 0.4096170519905932, 0.40814170767099933, 0.40687734759200855, 0.4047282935397973, 0.40365874312670574], [0.06367577917791585, 0.26094968732708257, 0.3148743896421555, 0.35176059713086666, 0.3828829221073191, 0.40814170767099933, 0.4363992308552974, 0.43465766958664614, 0.43215164108161636, 0.4308246483741969], [0.07840937737015585, 0.2624813959958645, 0.3153517284293025, 0.3515929294287063, 0.3821611410877621, 0.40687734759200855, 0.43465766958664614, 0.456171978846125, 0.45357356479932937, 0.4520306098336275], [0.0859021586223965, 0.26177364598239794, 0.3138577628437058, 0.34978976750397966, 0.38014944668568207, 0.4047282935397973, 0.43215164108161636, 0.45357356479932937, 0.46735639779945193, 0.465657190690227], [0.09371751184285759, 0.26232032097593816, 0.3137077175585416, 0.3492026411077939, 0.37934047923975023, 0.40365874312670574, 0.4308246483741969, 0.4520306098336275, 0.465657190690227, 0.47843808308486724]], "vgg.features.6": [[0.036723930172612815, 0.043095365428882156, 0.05432344202710375, 0.08410278925603329, 0.09365698350653785, 0.10456605592255919, 0.11489391673868894, 0.13616928468955034, 0.14585072410390604, 0.15402861300312073], [0.043095365428882156, 0.30003985836176866, 0.29836429932651104, 0.30052066459157156, 0.2998478108286684, 0.29981713673217203, 0.30105821919652004, 0.3035445660359199, 0.3041814332370478, 0.3050542528962318], [0.05432344202710375, 0.29836429932651104, 0.3533635028416754, 0.3532990793960168, 0.35245070608465323, 0.3515487936106955, 0.3516583445200569, 0.35295437779100547, 0.3531638224460118, 0.35365860442739655], [0.08410278925603329, 0.30052066459157156, 0.3532990793960168, 0.3922296014559187, 0.39091957585539294, 0.3896005080407069, 0.3889619376196834, 0.38937431086800284, 0.3891756380016266, 0.3894091668566743], [0.09365698350653785, 0.2998478108286684, 0.35245070608465323, 0.39091957585539294, 0.4218996614099563, 0.420736465742385, 0.4201193187572473, 0.4198344076746878, 0.4192340227394224, 0.4191922891363576], [0.10456605592255919, 0.29981713673217203, 0.3515487936106955, 0.3896005080407069, 0.420736465742385, 0.44610495454442617, 0.44528614099896435, 0.4440863570668106, 0.4432743485100329, 0.44291580672388187], [0.11489391673868894, 0.30105821919652004, 0.3516583445200569, 0.3889619376196834, 0.4201193187572473, 0.44528614099896435, 0.4727593261601354, 0.47093275655359385, 0.46971876893297027, 0.46914469914444396], [0.13616928468955034, 0.3035445660359199, 0.35295437779100547, 0.38937431086800284, 0.4198344076746878, 0.4440863570668106, 0.47093275655359385, 0.49156385275519104, 0.49020297493130627, 0.4893999699841728], [0.14585072410390604, 0.3041814332370478, 0.3531638224460118, 0.3891756380016266, 0.4192340227394224, 0.4432743485100329, 0.46971876893297027, 0.49020297493130627, 0.5050927851817784, 0.5040964825038973], [0.15402861300312073, 0.3050542528962318, 0.35365860442739655, 0.3894091668566743, 0.4191922891363576, 0.44291580672388187, 0.46914469914444396, 0.4893999699841728, 0.5040964825038973, 0.5175583077118567]], "vgg.features.8": [[0.05662292738404643, 0.06706195609255478, 0.09225455072470605, 0.15068764261493964, 0.17345988553028976, 0.1940439881133819, 0.20526324127262532, 0.2327369208505994, 0.24752653047917889, 0.25914876199617654], [0.06706195609255478, 0.35922022528660286, 0.360183902838871, 0.3692448862177731, 0.3727323494791489, 0.37618378945197883, 0.378011634367943, 0.38477957144412606, 0.38865391878830613, 0.39183038087287897], [0.09225455072470605, 0.360183902838871, 0.4202464395072369, 0.42629622638991693, 0.4292949499367995, 0.4317206559664312, 0.43295231495705044, 0.43756046543007165, 0.44053468635179166, 0.4434740079637075], [0.15068764261493964, 0.3692448862177731, 0.42629622638991693, 0.46948563554553774, 0.471872101308816, 0.4735419025492751, 0.47397303155137355, 0.478071439051489, 0.48024588483397745, 0.4827791331119528], [0.17345988553028976, 0.3727323494791489, 0.4292949499367995, 0.471872101308816, 0.5017391766717981, 0.5032473246211205, 0.5034830860342742, 0.5063845270548887, 0.5078787181854886, 0.5101823965201314], [0.1940439881133819, 0.37618378945197883, 0.4317206559664312, 0.4735419025492751, 0.5032473246211205, 0.5300410986864834, 0.5300067898854095, 0.5321234556920631, 0.5330803668745739, 0.5350705629728371], [0.20526324127262532, 0.378011634367943, 0.43295231495705044, 0.47397303155137355, 0.5034830860342742, 0.5300067898854095, 0.5549703933990154, 0.5563032040477821, 0.5568170327201653, 0.5583610436179883], [0.2327369208505994, 0.38477957144412606, 0.43756046543007165, 0.478071439051489, 0.5063845270548887, 0.5321234556920631, 0.5563032040477821, 0.576033753522195, 0.5764706546370557, 0.5778097202355409], [0.24752653047917889, 0.38865391878830613, 0.44053468635179166, 0.48024588483397745, 0.5078787181854886, 0.5330803668745739, 0.5568170327201653, 0.5764706546370557, 0.5898931001717433, 0.5909655642456678], [0.25914876199617654, 0.39183038087287897, 0.4434740079637075, 0.4827791331119528, 0.5101823965201314, 0.5350705629728371, 0.5583610436179883, 0.5778097202355409, 0.5909655642456678, 0.6044458571349183]], "vgg.features.11": [[0.06833342106799853, 0.082335946711062, 0.10344709624687269, 0.14072583249948797, 0.16604935451765704, 0.181885989497003, 0.1959475238460382, 0.23086000737285367, 0.24779691062067463, 0.25631642097314694], [0.082335946711062, 0.3790936516295683, 0.37925435650619743, 0.38268488059489175, 0.3829580598358804, 0.3833588766545395, 0.38710638825962457, 0.392876521975218, 0.39748742457304437, 0.3972339031387634], [0.10344709624687269, 0.37925435650619743, 0.43930358991632207, 0.4399765012387555, 0.4390564506390177, 0.43923701668841014, 0.4418384120374856, 0.4449795197618665, 0.4477521585189665, 0.44751736691104227], [0.14072583249948797, 0.38268488059489175, 0.4399765012387555, 0.4802516904832738, 0.47820991617843517, 0.47819761147695594, 0.47958193675962457, 0.48118208073005025, 0.48285205423801686, 0.48252858200508986], [0.16604935451765704, 0.3829580598358804, 0.4390564506390177, 0.47820991617843517, 0.5042340572903334, 0.5041748364753317, 0.5051554794501107, 0.5059424332171681, 0.5068829965452771, 0.5066054418721203], [0.181885989497003, 0.3833588766545395, 0.43923701668841014, 0.47819761147695594, 0.5041748364753317, 0.5280803863272571, 0.5287900630858388, 0.5290026917798105, 0.5294072995509581, 0.5292651815286475], [0.1959475238460382, 0.38710638825962457, 0.4418384120374856, 0.47958193675962457, 0.5051554794501107, 0.5287900630858388, 0.5550226523428434, 0.5544101994232392, 0.5542501965043297, 0.5540032601638425], [0.23086000737285367, 0.392876521975218, 0.4449795197618665, 0.48118208073005025, 0.5059424332171681, 0.5290026917798105, 0.5544101994232392, 0.5719003668960598, 0.5715348586625401, 0.5711796165537162], [0.24779691062067463, 0.39748742457304437, 0.4477521585189665, 0.48285205423801686, 0.5068829965452771, 0.5294072995509581, 0.5542501965043297, 0.5715348586625401, 0.5836528007336501, 0.5831852735403507], [0.25631642097314694, 0.3972339031387634, 0.44751736691104227, 0.48252858200508986, 0.5066054418721203, 0.5292651815286475, 0.5540032601638425, 0.5711796165537162, 0.5831852735403507, 0.5961159979378533]], "vgg.features.13": [[0.1084862658881735, 0.13542654312346497, 0.18153207701373594, 0.23678757956695343, 0.2633773792913946, 0.2812374333993793, 0.30206082887835783, 0.33286225223183247, 0.3534790578874888, 0.3591115274529973], [0.13542654312346497, 0.4982531981200537, 0.5026728203949712, 0.5111794425695086, 0.5118244555680019, 0.5160958274087952, 0.520223776688725, 0.5231790373975146, 0.52803212109193, 0.5268080665125896], [0.18153207701373594, 0.5026728203949712, 0.5733535168992802, 0.5775760354518812, 0.5761079402152767, 0.5789171923847874, 0.5813120582052221, 0.5817801570516821, 0.5850568548348913, 0.5834610042474004], [0.23678757956695343, 0.5111794425695086, 0.5775760354518812, 0.6220087017702383, 0.6197580326526766, 0.621969521361539, 0.6234688195983324, 0.6227250292058436, 0.6250898881155438, 0.6234070536331597], [0.2633773792913946, 0.5118244555680019, 0.5761079402152767, 0.6197580326526766, 0.647187525482258, 0.6491926293091378, 0.6502735397299169, 0.6489018184891481, 0.6507232445312322, 0.6491573316672119], [0.2812374333993793, 0.5160958274087952, 0.5789171923847874, 0.621969521361539, 0.6491926293091378, 0.6729733225049283, 0.673724202226517, 0.6717635075148971, 0.6730839534416038, 0.6717768195515713], [0.30206082887835783, 0.520223776688725, 0.5813120582052221, 0.6234688195983324, 0.6502735397299169, 0.673724202226517, 0.6987391380934626, 0.6960221744587005, 0.69689175605639, 0.6959443614041052], [0.33286225223183247, 0.5231790373975146, 0.5817801570516821, 0.6227250292058436, 0.6489018184891481, 0.6717635075148971, 0.6960221744587005, 0.7130508389203416, 0.7138713362393331, 0.7129804014624485], [0.3534790578874888, 0.52803212109193, 0.5850568548348913, 0.6250898881155438, 0.6507232445312322, 0.6730839534416038, 0.69689175605639, 0.7138713362393331, 0.7264471473708304, 0.7255733114570834], [0.3591115274529973, 0.5268080665125896, 0.5834610042474004, 0.6234070536331597, 0.6491573316672119, 0.6717768195515713, 0.6959443614041052, 0.7129804014624485, 0.7255733114570834, 0.7386410882849617]]}