{"vgg.features.3": [[0.03713559380242841, 0.3132784404292047, 0.40440772422137, 0.45193125702343045, 0.5028746948105456, 0.5357652099444592, 0.5715562352648396, 0.5946850792945397, 0.6077710886254462, 0.6216928446770807], [0.3132784404292047, 0.13244216496557212, 0.2268262972401111, 0.28011745235351565, 0.3425358102335658, 0.37874899645016336, 0.4182981044781805, 0.44607400838872635, 0.4599416333467952, 0.4780530417375182], [0.40440772422137, 0.2268262972401111, 0.1806882483267141, 0.22851586225008844, 0.2850099284219975, 0.320748676994713, 0.35879152554021104, 0.38710670403691694, 0.3990802135656466, 0.41755044747306924], [0.45193125702343045, 0.28011745235351565, 0.22851586225008844, 0.21512372744983368, 0.26495592542460167, 0.29742344317179553, 0.33360207349151544, 0.3601581961875132, 0.3720782424764343, 0.38926202933223264], [0.5028746948105456, 0.3425358102335658, 0.2850099284219975, 0.26495592542460167, 0.25933686573904324, 0.28771872789364716, 0.32193514591669303, 0.34657921372888245, 0.3574702816951229, 0.3747089847167207], [0.5357652099444592, 0.37874899645016336, 0.320748676994713, 0.29742344317179553, 0.28771872789364716, 0.28493190563870563, 0.31608694758661005, 0.3385338038755663, 0.349770113287019, 0.3659921157784507], [0.5715562352648396, 0.4182981044781805, 0.35879152554021104, 0.33360207349151544, 0.32193514591669303, 0.31608694758661005, 0.313370683422702, 0.3324771379893466, 0.3423345138711174, 0.357966847865775], [0.5946850792945397, 0.44607400838872635, 0.38710670403691694, 0.3601581961875132, 0.34657921372888245, 0.3385338038755663, 0.3324771379893466, 0.3307213436428112, 0.3403509722467907, 0.35520531985562576], [0.6077710886254462, 0.4599416333467952, 0.3990802135656466, 0.3720782424764343, 0.3574702816951229, 0.349770113287019, 0.3423345138711174, 0.3403509722467907, 0.33933496884594044, 0.3534916272671653], [0.6216928446770807, 0.4780530417375182, 0.41755044747306924, 0.38926202933223264, 0.3747089847167207, 0.3659921157784507, 0.357966847865775, 0.35520531985562576, 0.3534916272671653, 0.3556354173679263]], "vgg.features.6": [[0.04959508603245628, 0.34439553317946464, 0.4391848727522439, 0.48609130981588977, 0.5394028645372391, 0.5855770947019113, 0.6092793002557304, 0.6405759448671418, 0.6394265623974613, 0.6527581139200309], [0.34439553317946464, 0.16915785809793918, 0.2719822834884706, 0.3246808205397019, 0.3853088085159461, 0.4330315816455278, 0.4602357452091853, 0.49647534316247716, 0.49802690148066864, 0.5138277110412637], [0.4391848727522439, 0.2719822834884706, 0.24207993812636006, 0.28731999636118916, 0.34402407821762293, 0.39206162945332435, 0.4183721995089528, 0.4537714447803071, 0.45366918281704594, 0.469420945096933], [0.48609130981588977, 0.3246808205397019, 0.28731999636118916, 0.27642281935466284, 0.3273716559655102, 0.37254456756362303, 0.3980113867257186, 0.43203834541674047, 0.4318089645659686, 0.44684513148226046], [0.5394028645372391, 0.3853088085159461, 0.34402407821762293, 0.3273716559655102, 0.32755066996250715, 0.3699530637919406, 0.3938330535916803, 0.4256690456323689, 0.42520199149713483, 0.4397572980903373], [0.5855770947019113, 0.4330315816455278, 0.39206162945332435, 0.37254456756362303, 0.3699530637919406, 0.3700573990275034, 0.39293832540434337, 0.42316175637453535, 0.42406816893926175, 0.43818601194070145], [0.6092793002557304, 0.4602357452091853, 0.4183721995089528, 0.3980113867257186, 0.3938330535916803, 0.39293832540434337, 0.39476615652673497, 0.4223865756784255, 0.42385880169764945, 0.4376655313031966], [0.6405759448671418, 0.49647534316247716, 0.4537714447803071, 0.43203834541674047, 0.4256690456323689, 0.42316175637453535, 0.4223865756784255, 0.42354478608857277, 0.42498418601002524, 0.4389275726293145], [0.6394265623974613, 0.49802690148066864, 0.45366918281704594, 0.4318089645659686, 0.42520199149713483, 0.42406816893926175, 0.42385880169764945, 0.42498418601002524, 0.43009503239152974, 0.4434145496238651], [0.6527581139200309, 0.5138277110412637, 0.469420945096933, 0.44684513148226046, 0.4397572980903373, 0.43818601194070145, 0.4376655313031966, 0.4389275726293145, 0.4434145496238651, 0.4462879656446992]], "vgg.features.8": [[0.06973754729676106, 0.4056958149225961, 0.513762586704966, 0.5707729909546743, 0.6366396519118092, 0.7073329917748294, 0.7296487495837348, 0.7742895631848445, 0.7769533681465531, 0.8012803547960444], [0.4056958149225961, 0.23278059146710858, 0.3492636084020865, 0.4127003985496435, 0.48542642531143193, 0.5615398816797145, 0.5873330999511672, 0.6389921374790308, 0.6438315239035984, 0.6712075548848391], [0.513762586704966, 0.3492636084020865, 0.3298807384163789, 0.38434089956483286, 0.45255487782994314, 0.5281721738932206, 0.5525810042493742, 0.6045081537666757, 0.6080089283182049, 0.6355396756601874], [0.5707729909546743, 0.4127003985496435, 0.38434089956483286, 0.37912312441134266, 0.4402831583405033, 0.5142408390565575, 0.5367511097419139, 0.5874454925917584, 0.5905207058390283, 0.6178607643904549], [0.6366396519118092, 0.48542642531143193, 0.45255487782994314, 0.4402831583405033, 0.44507879525332594, 0.515046345479008, 0.5370440796658534, 0.5858115115474505, 0.5874366739508772, 0.6132433848664303], [0.7073329917748294, 0.5615398816797145, 0.5281721738932206, 0.5142408390565575, 0.515046345479008, 0.5178797564835689, 0.5391396113837226, 0.5865661723934517, 0.5886405214191484, 0.61356426298302], [0.7296487495837348, 0.5873330999511672, 0.5525810042493742, 0.5367511097419139, 0.5370440796658534, 0.5391396113837226, 0.5426049861547633, 0.5881268634676456, 0.590233322572585, 0.6144326651523815], [0.7742895631848445, 0.6389921374790308, 0.6045081537666757, 0.5874454925917584, 0.5858115115474505, 0.5865661723934517, 0.5881268634676456, 0.5895608522699863, 0.5917443460135196, 0.6159029107325341], [0.7769533681465531, 0.6438315239035984, 0.6080089283182049, 0.5905207058390283, 0.5874366739508772, 0.5886405214191484, 0.590233322572585, 0.5917443460135196, 0.5931342657950207, 0.6167906009121145], [0.8012803547960444, 0.6712075548848391, 0.6355396756601874, 0.6178607643904549, 0.6132433848664303, 0.61356426298302, 0.6144326651523815, 0.6159029107325341, 0.6167906009121145, 0.6184626341051188]], "vgg.features.11": [[0.09194411386636626, 0.446022196725471, 0.5892701608010127, 0.6694360277360909, 0.7699198862093763, 0.8860627396838143, 0.9006457542763658, 0.9741878131505992, 0.9669295065965383, 1.0065569700597852], [0.446022196725471, 0.33018770448524676, 0.46894150431054293, 0.557733514602078, 0.6638613722772638, 0.7882671353196373, 0.807914249881508, 0.8858646539274917, 0.8817635156019337, 0.9243678410777981], [0.5892701608010127, 0.46894150431054293, 0.4654499302311473, 0.5483478064051243, 0.6500607502090204, 0.7710922134095888, 0.7912651251197256, 0.8681632672854742, 0.8634684507592512, 0.9058233184185325], [0.6694360277360909, 0.557733514602078, 0.5483478064051243, 0.5542500832533649, 0.6501172766946249, 0.765507027590994, 0.7856977997181535, 0.8608650946046202, 0.8554740627312691, 0.8978117342142701], [0.7699198862093763, 0.6638613722772638, 0.6500607502090204, 0.6501172766946249, 0.6524369518171439, 0.7663929006573743, 0.7853045258301943, 0.8595030061728753, 0.8538454089135324, 0.8954568617366866], [0.8860627396838143, 0.7882671353196373, 0.7710922134095888, 0.765507027590994, 0.7663929006573743, 0.7674600587380782, 0.7858947157128786, 0.8591942873454405, 0.8536448676075893, 0.8950533455916019], [0.9006457542763658, 0.807914249881508, 0.7912651251197256, 0.7856977997181535, 0.7853045258301943, 0.7858947157128786, 0.7909319514638686, 0.8633561525847412, 0.8576566298952787, 0.8978740840651311], [0.9741878131505992, 0.8858646539274917, 0.8681632672854742, 0.8608650946046202, 0.8595030061728753, 0.8591942873454405, 0.8633561525847412, 0.8653525436556654, 0.8600954249994693, 0.900050044904181], [0.9669295065965383, 0.8817635156019337, 0.8634684507592512, 0.8554740627312691, 0.8538454089135324, 0.8536448676075893, 0.8576566298952787, 0.8600954249994693, 0.8608529913847486, 0.9008020329047899], [1.0065569700597852, 0.9243678410777981, 0.9058233184185325, 0.8978117342142701, 0.8954568617366866, 0.8950533455916019, 0.8978740840651311, 0.900050044904181, 0.9008020329047899, 0.9007947327281974]], "vgg.features.13": [[0.14086599757360888, 0.6054100913903329, 0.798254054070528, 0.9340813198188719, 1.0531745090004268, 1.166736044918037, 1.1968321798697235, 1.2582857324919399, 1.257520194502614, 1.288097990820979], [0.6054100913903329, 0.49123744663948604, 0.6877433037273994, 0.8394713404547389, 0.9778225328230367, 1.1100827683750036, 1.1432989070273356, 1.2154858180034087, 1.218743729138547, 1.252430972442258], [0.798254054070528, 0.6877433037273994, 0.6861139082044592, 0.8311087207044752, 0.9670608537906209, 1.0990785750052658, 1.131856914790304, 1.2038036645035068, 1.207686337220415, 1.242396219869226], [0.9340813198188719, 0.8394713404547389, 0.8311087207044752, 0.8341516290859523, 0.9665398842621825, 1.0959960445673504, 1.127612440369498, 1.1990583960323309, 1.2029408793893848, 1.238609094828353], [1.0531745090004268, 0.9778225328230367, 0.9670608537906209, 0.9665398842621825, 0.9685588478233186, 1.0956557314429707, 1.1271012076081555, 1.1970310492256504, 1.2019569389053715, 1.2376353199622763], [1.166736044918037, 1.1100827683750036, 1.0990785750052658, 1.0959960445673504, 1.0956557314429707, 1.0961329237993256, 1.1268893865756866, 1.1964733946315642, 1.2009988338616335, 1.237048336283368], [1.1968321798697235, 1.1432989070273356, 1.131856914790304, 1.127612440369498, 1.1271012076081555, 1.1268893865756866, 1.1268013717809278, 1.1961192022947131, 1.2015096479989325, 1.236564744330702], [1.2582857324919399, 1.2154858180034087, 1.2038036645035068, 1.1990583960323309, 1.1970310492256504, 1.1964733946315642, 1.1961192022947131, 1.1975944708850736, 1.2029824636606696, 1.2381447772290104], [1.257520194502614, 1.218743729138547, 1.207686337220415, 1.2029408793893848, 1.2019569389053715, 1.2009988338616335, 1.2015096479989325, 1.2029824636606696, 1.2046311175309234, 1.239703495618872], [1.288097990820979, 1.252430972442258, 1.242396219869226, 1.238609094828353, 1.2376353199622763, 1.237048336283368, 1.236564744330702, 1.2381447772290104, 1.239703495618872, 1.2402965901439102]]}