{"vgg.features.3": [[0.02686293399634128, 0.028737076724188675, 0.0320387232125498, 0.03871853404684476, 0.04495882040769482, 0.052971768800377704, 0.06216477933922546, 0.0762325761546785, 0.08346604857245207, 0.09050137374757396], [0.028737076724188675, 0.26572394767699525, 0.26415650391412404, 0.26298513732518786, 0.26215960924208487, 0.26114090951926267, 0.2609332838804957, 0.26257096798015983, 0.2618028946181617, 0.26227411758571273], [0.0320387232125498, 0.26415650391412404, 0.3211380906394979, 0.3195160215079091, 0.3179826306537098, 0.31657075205045315, 0.3156644468066178, 0.3162964604329651, 0.3147022839128529, 0.314563609091736], [0.03871853404684476, 0.26298513732518786, 0.3195160215079091, 0.3569341620410781, 0.35499720051072586, 0.3533183731591284, 0.3520991596341668, 0.3520713325090976, 0.35018106605932625, 0.34958604275651034], [0.04495882040769482, 0.26215960924208487, 0.3179826306537098, 0.35499720051072586, 0.3860954363296618, 0.38437253289556417, 0.3830676305093086, 0.38254247306381284, 0.38044763233435713, 0.3796292972520243], [0.052971768800377704, 0.26114090951926267, 0.31657075205045315, 0.3533183731591284, 0.38437253289556417, 0.40950748458395275, 0.4080337192093388, 0.40693834207562435, 0.40473979747218225, 0.40364963811798127], [0.06216477933922546, 0.2609332838804957, 0.3156644468066178, 0.3520991596341668, 0.3830676305093086, 0.4080337192093388, 0.43610779998122196, 0.4345326684070666, 0.4319502231360914, 0.4305959468037413], [0.0762325761546785, 0.26257096798015983, 0.3162964604329651, 0.3520713325090976, 0.38254247306381284, 0.40693834207562435, 0.4345326684070666, 0.45588599221946685, 0.453232288134887, 0.45165998034877297], [0.08346604857245207, 0.2618028946181617, 0.3147022839128529, 0.35018106605932625, 0.38044763233435713, 0.40473979747218225, 0.4319502231360914, 0.453232288134887, 0.4667830825047276, 0.4650629302058385], [0.09050137374757396, 0.26227411758571273, 0.314563609091736, 0.34958604275651034, 0.3796292972520243, 0.40364963811798127, 0.4305959468037413, 0.45165998034877297, 0.4650629302058385, 0.4778167984501868]], "vgg.features.6": [[0.035806615011735536, 0.04202933323104563, 0.05363184769210014, 0.08466148093242792, 0.09418259780451703, 0.1045357854218202, 0.11418411869490626, 0.1344251330446361, 0.14447198732343017, 0.15222557760402353], [0.04202933323104563, 0.29474326197787576, 0.29333902021193997, 0.29575068358303536, 0.29553096590940175, 0.2953313641331595, 0.2963964398553445, 0.29923192972079804, 0.3004006337148606, 0.30143889308385785], [0.05363184769210014, 0.29333902021193997, 0.35025281366775046, 0.3503545911846082, 0.34999355236996715, 0.3490656887667011, 0.34913713343875, 0.3508741526595502, 0.35148353210079447, 0.35223981856071396], [0.08466148093242792, 0.29575068358303536, 0.3503545911846082, 0.3892819752901792, 0.3883751027574582, 0.38702159320516005, 0.38644429688904974, 0.3872448331488128, 0.38738370440178777, 0.38785882309267283], [0.09418259780451703, 0.29553096590940175, 0.34999355236996715, 0.3883751027574582, 0.4189911808752316, 0.4177594071089629, 0.4172212319209465, 0.4173506535224796, 0.4171498868147596, 0.41730786033302053], [0.1045357854218202, 0.2953313641331595, 0.3490656887667011, 0.38702159320516005, 0.4177594071089629, 0.44263645964034787, 0.441920228532321, 0.4411607563886728, 0.44071789991858035, 0.440556211696922], [0.11418411869490626, 0.2963964398553445, 0.34913713343875, 0.38644429688904974, 0.4172212319209465, 0.441920228532321, 0.4689951788722908, 0.4675823149613767, 0.4667253309508095, 0.4663375883268427], [0.1344251330446361, 0.29923192972079804, 0.3508741526595502, 0.3872448331488128, 0.4173506535224796, 0.4411607563886728, 0.4675823149613767, 0.48833524417883917, 0.4873078423766095, 0.4867158553198668], [0.14447198732343017, 0.3004006337148606, 0.35148353210079447, 0.38738370440178777, 0.4171498868147596, 0.44071789991858035, 0.4667253309508095, 0.4873078423766095, 0.5019836376399263, 0.5011850500974769], [0.15222557760402353, 0.30143889308385785, 0.35223981856071396, 0.38785882309267283, 0.41730786033302053, 0.440556211696922, 0.4663375883268427, 0.4867158553198668, 0.5011850500974769, 0.5147672363900524]], "vgg.features.8": [[0.054762964289629415, 0.06449573756184904, 0.08909094366444288, 0.14987029507638486, 0.17243013002835708, 0.19246085610375724, 0.20363416930248665, 0.22903625321111104, 0.24467479148543955, 0.25634181153070523], [0.06449573756184904, 0.3490132289936913, 0.3503672679682647, 0.36101149748830397, 0.36529546524781387, 0.3684260299174209, 0.3707310291331123, 0.3781054537164204, 0.38277218406469565, 0.38647212955925636], [0.08909094366444288, 0.3503672679682647, 0.4113431316252082, 0.41898048575947205, 0.42280687310904785, 0.42486403740508155, 0.4266383006277299, 0.4321428175443506, 0.43579034773133324, 0.43911225408054794], [0.14987029507638486, 0.36101149748830397, 0.41898048575947205, 0.4614162089261256, 0.46459409176666133, 0.4658643657006449, 0.4669401438506579, 0.4718520383945279, 0.4746409576473317, 0.47743842918833074], [0.17243013002835708, 0.36529546524781387, 0.42280687310904785, 0.46459409176666133, 0.49415440311097675, 0.49533743739341596, 0.4961925933577244, 0.4999444485396926, 0.5020925134799065, 0.5045599048335885], [0.19246085610375724, 0.3684260299174209, 0.42486403740508155, 0.4658643657006449, 0.49533743739341596, 0.5218828608318373, 0.5224681914548868, 0.52543742511409, 0.5269823102627711, 0.5290846512987056], [0.20363416930248665, 0.3707310291331123, 0.4266383006277299, 0.4669401438506579, 0.4961925933577244, 0.5224681914548868, 0.5466984636798237, 0.5488993781718257, 0.5499775406083063, 0.5516264972312668], [0.22903625321111104, 0.3781054537164204, 0.4321428175443506, 0.4718520383945279, 0.4999444485396926, 0.52543742511409, 0.5488993781718257, 0.5684421939618103, 0.5694482104485136, 0.5708818687703451], [0.24467479148543955, 0.38277218406469565, 0.43579034773133324, 0.4746409576473317, 0.5020925134799065, 0.5269823102627711, 0.5499775406083063, 0.5694482104485136, 0.5828114246397358, 0.5839989319152867], [0.25634181153070523, 0.38647212955925636, 0.43911225408054794, 0.47743842918833074, 0.5045599048335885, 0.5290846512987056, 0.5516264972312668, 0.5708818687703451, 0.5839989319152867, 0.5976507924656953]], "vgg.features.11": [[0.06702725794673565, 0.08037765780126307, 0.10172424743110232, 0.13999130958870462, 0.16475807560435923, 0.18159578539681281, 0.19539999890111057, 0.22830263914137658, 0.24518950084205585, 0.25372587831718785], [0.08037765780126307, 0.36498732771083525, 0.3657190411299546, 0.3703771526533527, 0.37210988367808395, 0.37190720441901437, 0.37618460067727594, 0.3838934759950758, 0.389101012658285, 0.38947871297800124], [0.10172424743110232, 0.3657190411299546, 0.42617743439077604, 0.4280768340654756, 0.42864621801739144, 0.4282498193462107, 0.43132747725120263, 0.43622024673876647, 0.4395735703096048, 0.4396867282240532], [0.13999130958870462, 0.3703771526533527, 0.4280768340654756, 0.46811496289244015, 0.4674537609180565, 0.4668702271371557, 0.46873598499037034, 0.47203939268281586, 0.4743713077958221, 0.474255420534399], [0.16475807560435923, 0.37210988367808395, 0.42864621801739144, 0.4674537609180565, 0.4926282163862797, 0.49186595472842676, 0.4933737913763872, 0.49588163592136564, 0.49757589861012497, 0.4973638115931822], [0.18159578539681281, 0.37190720441901437, 0.4282498193462107, 0.4668702271371557, 0.49186595472842676, 0.5156438007516968, 0.5169364535001831, 0.5188367661401795, 0.5200510789161779, 0.5198692102417444], [0.19539999890111057, 0.37618460067727594, 0.43132747725120263, 0.46873598499037034, 0.4933737913763872, 0.5169364535001831, 0.5423932495707632, 0.5434785081747892, 0.5440728602195012, 0.5437736259051946], [0.22830263914137658, 0.3838934759950758, 0.43622024673876647, 0.47203939268281586, 0.49588163592136564, 0.5188367661401795, 0.5434785081747892, 0.560146642428535, 0.560566743811392, 0.560176594899], [0.24518950084205585, 0.389101012658285, 0.4395735703096048, 0.4743713077958221, 0.49757589861012497, 0.5200510789161779, 0.5440728602195012, 0.560566743811392, 0.571920189616803, 0.5713785895437141], [0.25372587831718785, 0.38947871297800124, 0.4396867282240532, 0.474255420534399, 0.4973638115931822, 0.5198692102417444, 0.5437736259051946, 0.560176594899, 0.5713785895437141, 0.5840698442594846]], "vgg.features.13": [[0.10467621252846097, 0.1283723531278939, 0.17451280646131906, 0.23251896430341065, 0.25872672881943337, 0.2783007348726566, 0.2954458184958566, 0.32461186777278395, 0.34333879963948266, 0.34909182868804245], [0.1283723531278939, 0.481425940217511, 0.4858931321167554, 0.4967249265066273, 0.49919193523461103, 0.5024844858873921, 0.5066758261693401, 0.5112317092787856, 0.5161657560509457, 0.5140678906037806], [0.17451280646131906, 0.4858931321167554, 0.5567154063854802, 0.5625274984617311, 0.5627706419041375, 0.5646516137349507, 0.567379582568283, 0.5693920488798633, 0.5725987497355763, 0.5701522442867788], [0.23251896430341065, 0.4967249265066273, 0.5625274984617311, 0.6065073687555687, 0.6058183329472484, 0.6072445046379279, 0.6091572216041128, 0.6099454609841864, 0.6123740320059333, 0.6101575954132746], [0.25872672881943337, 0.49919193523461103, 0.5627706419041375, 0.6058183329472484, 0.6319743241601862, 0.6331165120781582, 0.6347368613995622, 0.6350998485877067, 0.6368725207843718, 0.6347216827899004], [0.2783007348726566, 0.5024844858873921, 0.5646516137349507, 0.6072445046379279, 0.6331165120781582, 0.656266900076163, 0.6577136442142618, 0.6575021306130633, 0.6587561286666797, 0.6568981836692931], [0.2954458184958566, 0.5066758261693401, 0.567379582568283, 0.6091572216041128, 0.6347368613995622, 0.6577136442142618, 0.6820505483006976, 0.6811125174378019, 0.6819753755103328, 0.6805119486152592], [0.32461186777278395, 0.5112317092787856, 0.5693920488798633, 0.6099454609841864, 0.6350998485877067, 0.6575021306130633, 0.6811125174378019, 0.6973610604435022, 0.6982761672984629, 0.6968702109446204], [0.34333879963948266, 0.5161657560509457, 0.5725987497355763, 0.6123740320059333, 0.6368725207843718, 0.6587561286666797, 0.6819753755103328, 0.6982761672984629, 0.7101236199603859, 0.708696793529877], [0.34909182868804245, 0.5140678906037806, 0.5701522442867788, 0.6101575954132746, 0.6347216827899004, 0.6568981836692931, 0.6805119486152592, 0.6968702109446204, 0.708696793529877, 0.721839865756764]]}