{"vgg.features.3": [[0.03700210385478703, 0.24377803162230954, 0.33363956912102327, 0.35832154755449036, 0.4073987601742881, 0.4453398313519364, 0.4732783433524665, 0.49646245428436264, 0.50059273407178, 0.5098327173854189], [0.24377803162230954, 0.12766785781675077, 0.22695931075998887, 0.2599803853839762, 0.3074539456672934, 0.34034615124674505, 0.375004940946129, 0.40610883041084667, 0.41048916260924406, 0.42195278646988], [0.33363956912102327, 0.22695931075998887, 0.1878737493375354, 0.21609993420453338, 0.2603666307843212, 0.29327346143705396, 0.32335366143659355, 0.35752853512625843, 0.360991922424225, 0.37235669537277], [0.35832154755449036, 0.2599803853839762, 0.21609993420453338, 0.20852375915579155, 0.2442391395088395, 0.2708657952108525, 0.29660778594246184, 0.3272428038596879, 0.33374056871958013, 0.34145432645448703], [0.4073987601742881, 0.3074539456672934, 0.2603666307843212, 0.2442391395088395, 0.24340585795604458, 0.27036188606501277, 0.2895668502881548, 0.3126595203496635, 0.32135612180401274, 0.32694746460355584], [0.4453398313519364, 0.34034615124674505, 0.29327346143705396, 0.2708657952108525, 0.27036188606501277, 0.2764354862264447, 0.2944550473864063, 0.31502697558472564, 0.3245959823418869, 0.3287841548403924], [0.4732783433524665, 0.375004940946129, 0.32335366143659355, 0.29660778594246184, 0.2895668502881548, 0.2944550473864063, 0.29926023587316747, 0.31470883098534175, 0.3213166791293601, 0.32340374276227657], [0.49646245428436264, 0.40610883041084667, 0.35752853512625843, 0.3272428038596879, 0.3126595203496635, 0.31502697558472564, 0.31470883098534175, 0.3162332181754985, 0.32153742250601225, 0.3246759625417476], [0.50059273407178, 0.41048916260924406, 0.360991922424225, 0.33374056871958013, 0.32135612180401274, 0.3245959823418869, 0.3213166791293601, 0.32153742250601225, 0.3315344429729755, 0.3333141684737625], [0.5098327173854189, 0.42195278646988, 0.37235669537277, 0.34145432645448703, 0.32694746460355584, 0.3287841548403924, 0.32340374276227657, 0.3246759625417476, 0.3333141684737625, 0.34352926681790774]], "vgg.features.6": [[0.042237350807881165, 0.25119073940123854, 0.33616013265525774, 0.3806836787585905, 0.4366782188086415, 0.5401091759337732, 0.4991281827234434, 0.548351122351838, 0.526665906589075, 0.5434782776477604], [0.25119073940123854, 0.14644951122060154, 0.22316320816249632, 0.273088353051326, 0.32145668891094425, 0.425631081159638, 0.3897592896101839, 0.44207253399588187, 0.4310513817017357, 0.44885778533368403], [0.33616013265525774, 0.22316320816249632, 0.2186272232206553, 0.2588268857935009, 0.3000787778355835, 0.3970477461489184, 0.36060916096512463, 0.4105714540625108, 0.3996987067653928, 0.4154691447076995], [0.3806836787585905, 0.273088353051326, 0.2588268857935009, 0.2508271814723893, 0.28855836288886816, 0.38180312351601753, 0.3481001587612029, 0.39742613755744305, 0.3914203064586474, 0.4075536776587104], [0.4366782188086415, 0.32145668891094425, 0.3000787778355835, 0.28855836288886816, 0.29026637093282526, 0.3775405878385448, 0.34423784872504, 0.39086748246661585, 0.3825954826514097, 0.3985013656935229], [0.5401091759337732, 0.425631081159638, 0.3970477461489184, 0.38180312351601753, 0.3775405878385448, 0.3872366256405673, 0.3540867192655221, 0.3962136481968656, 0.38819799054970805, 0.4057784195833427], [0.4991281827234434, 0.3897592896101839, 0.36060916096512463, 0.3481001587612029, 0.34423784872504, 0.3540867192655221, 0.3647426103951518, 0.4029043418744223, 0.3954018700669879, 0.4102705890677608], [0.548351122351838, 0.44207253399588187, 0.4105714540625108, 0.39742613755744305, 0.39086748246661585, 0.3962136481968656, 0.4029043418744223, 0.40855298836737336, 0.40127403237561626, 0.4163205581741362], [0.526665906589075, 0.4310513817017357, 0.3996987067653928, 0.3914203064586474, 0.3825954826514097, 0.38819799054970805, 0.3954018700669879, 0.40127403237561626, 0.4071841903393928, 0.4212532151179019], [0.5434782776477604, 0.44885778533368403, 0.4154691447076995, 0.4075536776587104, 0.3985013656935229, 0.4057784195833427, 0.4102705890677608, 0.4163205581741362, 0.4212532151179019, 0.4222091538635994]], "vgg.features.8": [[0.056907635510635955, 0.3330134428147426, 0.4899809962230362, 0.5442339339540524, 0.6765952340409308, 0.8669668084977135, 0.8147465695915188, 0.912398701173677, 0.8920039223998957, 0.9211147239553453], [0.3330134428147426, 0.20090334696610093, 0.3362179500417438, 0.4052267662547859, 0.5495294308874666, 0.777194610134442, 0.7212793321420673, 0.8241745071016972, 0.8045844801771513, 0.8318155866485448], [0.4899809962230362, 0.3362179500417438, 0.3205531368250778, 0.3810263481362201, 0.5183143693208342, 0.7431670183409775, 0.689281662593388, 0.7889413498410157, 0.7662754101190641, 0.7914603683693694], [0.5442339339540524, 0.4052267662547859, 0.3810263481362201, 0.3830296749010203, 0.5106947993346714, 0.736966008491317, 0.6832037441249725, 0.7766204794297666, 0.7583459922058147, 0.7818211787690718], [0.6765952340409308, 0.5495294308874666, 0.5183143693208342, 0.5106947993346714, 0.5101811759535956, 0.7336400949815658, 0.6796066551140677, 0.7694502670274986, 0.749862808889596, 0.7733020874878511], [0.8669668084977135, 0.777194610134442, 0.7431670183409775, 0.736966008491317, 0.7336400949815658, 0.7367416798578769, 0.6818534767842227, 0.769018989850425, 0.7533433593558051, 0.7789460490193907], [0.8147465695915188, 0.7212793321420673, 0.689281662593388, 0.6832037441249725, 0.6796066551140677, 0.6818534767842227, 0.6832858841384949, 0.7675800658905182, 0.7522815031330379, 0.7782156209435794], [0.912398701173677, 0.8241745071016972, 0.7889413498410157, 0.7766204794297666, 0.7694502670274986, 0.769018989850425, 0.7675800658905182, 0.7594123831921498, 0.7456988017955649, 0.7707241255843826], [0.8920039223998957, 0.8045844801771513, 0.7662754101190641, 0.7583459922058147, 0.749862808889596, 0.7533433593558051, 0.7522815031330379, 0.7456988017955649, 0.7399221653059456, 0.7647143549880789], [0.9211147239553453, 0.8318155866485448, 0.7914603683693694, 0.7818211787690718, 0.7733020874878511, 0.7789460490193907, 0.7782156209435794, 0.7707241255843826, 0.7647143549880789, 0.760495823761135]], "vgg.features.11": [[0.07658083818772551, 0.4397087124327112, 0.6830974218683924, 0.8747761535836208, 0.9949949964325977, 1.184866757321439, 1.1906084449472143, 1.2375754317091474, 1.2552844493851218, 1.272068474120072], [0.4397087124327112, 0.3479335971105956, 0.5578268678298439, 0.7629584361666832, 0.9000162610959827, 1.1092190587052217, 1.105671901662514, 1.1691241743643859, 1.1918839849281653, 1.210748841381002], [0.6830974218683924, 0.5578268678298439, 0.5561265267543918, 0.7484089413762185, 0.8852353227171639, 1.0853157734987575, 1.0826489230464507, 1.1543717080106404, 1.1731229537655032, 1.195582456113436], [0.8747761535836208, 0.7629584361666832, 0.7484089413762185, 0.742128186521097, 0.8746053430959314, 1.0718531368102926, 1.068412462376413, 1.1421613827397856, 1.1587318549985242, 1.1808706719597402], [0.9949949964325977, 0.9000162610959827, 0.8852353227171639, 0.8746053430959314, 0.8716854390221423, 1.0652281944854864, 1.0620755670239794, 1.1363048078662754, 1.15220149837526, 1.1765531894037626], [1.184866757321439, 1.1092190587052217, 1.0853157734987575, 1.0718531368102926, 1.0652281944854864, 1.058569498518271, 1.056945494317656, 1.1306497007260512, 1.1459734784039297, 1.1709233966816661], [1.1906084449472143, 1.105671901662514, 1.0826489230464507, 1.068412462376413, 1.0620755670239794, 1.056945494317656, 1.0580905619760426, 1.1314174742619751, 1.1463315567676788, 1.170505756723829], [1.2375754317091474, 1.1691241743643859, 1.1543717080106404, 1.1421613827397856, 1.1363048078662754, 1.1306497007260512, 1.1314174742619751, 1.1298100062934266, 1.1448393986895729, 1.169722114530199], [1.2552844493851218, 1.1918839849281653, 1.1731229537655032, 1.1587318549985242, 1.15220149837526, 1.1459734784039297, 1.1463315567676788, 1.1448393986895729, 1.1433791092916805, 1.1688470547168626], [1.272068474120072, 1.210748841381002, 1.195582456113436, 1.1808706719597402, 1.1765531894037626, 1.1709233966816661, 1.170505756723829, 1.169722114530199, 1.1688470547168626, 1.165174378600782]], "vgg.features.13": [[0.12323669175047938, 0.7582847147270841, 1.1338248240020716, 1.1964199535253193, 1.3047426560804198, 1.3031832572822548, 1.32934333793486, 1.3587492441156948, 1.3439432509919191, 1.3745694061943965], [0.7582847147270841, 0.5318409684508516, 0.9527173199772215, 1.0475745363530773, 1.1839441893493174, 1.2349038559790302, 1.2403022614882357, 1.2852916943069912, 1.2750654714242355, 1.3293872282136425], [1.1338248240020716, 0.9527173199772215, 0.9358008640878135, 1.016820730242194, 1.1404643977957667, 1.218953332096201, 1.2182742386761656, 1.2659431695570116, 1.2566111064750862, 1.303754287024533], [1.1964199535253193, 1.0475745363530773, 1.016820730242194, 1.0027933461235883, 1.1244189500954211, 1.2077792051464589, 1.2038099543937637, 1.2546690845715913, 1.2434531978293772, 1.2880850495411291], [1.3047426560804198, 1.1839441893493174, 1.1404643977957667, 1.1244189500954211, 1.1147926616958006, 1.2012450970532833, 1.1979979314140887, 1.2494051653395946, 1.239275599683581, 1.282749537611533], [1.3031832572822548, 1.2349038559790302, 1.218953332096201, 1.2077792051464589, 1.2012450970532833, 1.197489746988871, 1.1954753751469938, 1.2478246049005193, 1.2384918480219598, 1.281873911280699], [1.32934333793486, 1.2403022614882357, 1.2182742386761656, 1.2038099543937637, 1.1979979314140887, 1.1954753751469938, 1.1913741227271712, 1.2444353558290662, 1.2341002214476806, 1.2786670197231174], [1.3587492441156948, 1.2852916943069912, 1.2659431695570116, 1.2546690845715913, 1.2494051653395946, 1.2478246049005193, 1.2444353558290662, 1.242759658926004, 1.2336527653872549, 1.277535460519126], [1.3439432509919191, 1.2750654714242355, 1.2566111064750862, 1.2434531978293772, 1.239275599683581, 1.2384918480219598, 1.2341002214476806, 1.2336527653872549, 1.2330757687159624, 1.2749238076288583], [1.3745694061943965, 1.3293872282136425, 1.303754287024533, 1.2880850495411291, 1.282749537611533, 1.281873911280699, 1.2786670197231174, 1.277535460519126, 1.2749238076288583, 1.2700100912478816]]}