{"vgg.features.3": [[0.03727912242180498, 0.24435286833437786, 0.3339524452072844, 0.35560922572209, 0.40397472789693906, 0.44015803141536136, 0.4687996729313694, 0.49348949080968046, 0.4981699265276434, 0.5073029955113408], [0.24435286833437786, 0.12741087405494364, 0.22569489296411915, 0.25464285963964806, 0.3007287620334704, 0.3318887192896302, 0.36810443263587916, 0.400999019399613, 0.40637731694876916, 0.41707074799086735], [0.3339524452072844, 0.22569489296411915, 0.1877339700957659, 0.21260831201684574, 0.2556711326460499, 0.28651020619712975, 0.31869225268234197, 0.35455647962794157, 0.3588923537013012, 0.36983791592590776], [0.35560922572209, 0.25464285963964806, 0.21260831201684574, 0.20574269117556285, 0.24058451890006669, 0.26534450465758674, 0.2933045021589619, 0.3252180746837595, 0.33232846523548415, 0.3396075144646338], [0.40397472789693906, 0.3007287620334704, 0.2556711326460499, 0.24058451890006669, 0.2391285529146098, 0.2642361693694456, 0.28579916245018216, 0.3102610027528507, 0.31909341466534197, 0.32433870715854335], [0.44015803141536136, 0.3318887192896302, 0.28651020619712975, 0.26534450465758674, 0.2642361693694456, 0.2706634591420305, 0.29150863444627245, 0.31365806173250144, 0.3226978231290098, 0.32680938981929], [0.4687996729313694, 0.36810443263587916, 0.31869225268234197, 0.2933045021589619, 0.28579916245018216, 0.29150863444627245, 0.2955365789417004, 0.3124690377284126, 0.3182244159081387, 0.3205377709770962], [0.49348949080968046, 0.400999019399613, 0.35455647962794157, 0.3252180746837595, 0.3102610027528507, 0.31365806173250144, 0.3124690377284126, 0.3136838170436216, 0.3176868326631985, 0.32138356086638736], [0.4981699265276434, 0.40637731694876916, 0.3588923537013012, 0.33232846523548415, 0.31909341466534197, 0.3226978231290098, 0.3182244159081387, 0.3176868326631985, 0.3273597111533935, 0.32974645206795766], [0.5073029955113408, 0.41707074799086735, 0.36983791592590776, 0.3396075144646338, 0.32433870715854335, 0.32680938981929, 0.3205377709770962, 0.32138356086638736, 0.32974645206795766, 0.3395200986294045]], "vgg.features.6": [[0.042580233677577184, 0.25160411434732366, 0.33743971437503734, 0.3803761852220696, 0.4350685805740663, 0.5384842462725808, 0.49528928837282993, 0.5471838469592893, 0.5264044327253088, 0.5426599154561214], [0.25160411434732366, 0.14903238007124925, 0.2238759600461514, 0.27070623238118113, 0.31762057362035373, 0.42212483651685695, 0.384244737909732, 0.4396851554698195, 0.42988204413886916, 0.44635080916783865], [0.33743971437503734, 0.2238759600461514, 0.22117512482323337, 0.2585150508040721, 0.299226940790926, 0.3962078572735046, 0.3578123399901879, 0.4103675377253354, 0.40101634903195377, 0.4154370039139685], [0.3803761852220696, 0.27070623238118113, 0.2585150508040721, 0.24963026767140628, 0.2875345508494965, 0.3815796357720835, 0.34570095679453083, 0.3973362241291157, 0.3927434100696115, 0.4074474222077233], [0.4350685805740663, 0.31762057362035373, 0.299226940790926, 0.2875345508494965, 0.28983294534310966, 0.3782745669262979, 0.3423364276564242, 0.3915323560102911, 0.38456700232653085, 0.39878398386651953], [0.5384842462725808, 0.42212483651685695, 0.3962078572735046, 0.3815796357720835, 0.3782745669262979, 0.3882876960519877, 0.3523205421607671, 0.3968634868988828, 0.3900810225577972, 0.4060477262159528], [0.49528928837282993, 0.384244737909732, 0.3578123399901879, 0.34570095679453083, 0.3423364276564242, 0.3523205421607671, 0.3640822426148807, 0.40458675566837227, 0.3980484131469403, 0.4113105487273261], [0.5471838469592893, 0.4396851554698195, 0.4103675377253354, 0.3973362241291157, 0.3915323560102911, 0.3968634868988828, 0.40458675566837227, 0.41038245615662106, 0.4034837850348597, 0.41710987276844474], [0.5264044327253088, 0.42988204413886916, 0.40101634903195377, 0.3927434100696115, 0.38456700232653085, 0.3900810225577972, 0.3980484131469403, 0.4034837850348597, 0.4091398430837735, 0.4216765504216088], [0.5426599154561214, 0.44635080916783865, 0.4154370039139685, 0.4074474222077233, 0.39878398386651953, 0.4060477262159528, 0.4113105487273261, 0.41710987276844474, 0.4216765504216088, 0.4232607178159334]], "vgg.features.8": [[0.057812586342327665, 0.330621936591457, 0.4914941814346146, 0.5399732385951047, 0.6752618541229426, 0.8745781889162371, 0.8153490939401848, 0.9177822384362545, 0.8997278426940791, 0.9299918232845966], [0.330621936591457, 0.20288992934588673, 0.33763890260180024, 0.3993488910398212, 0.5475252039548026, 0.7833259030742649, 0.7202750234925183, 0.8273764733410213, 0.8107054527532348, 0.8393658193833103], [0.4914941814346146, 0.33763890260180024, 0.32399858899089606, 0.3787038546039557, 0.5203252139714442, 0.7524901131409695, 0.6923145155539805, 0.7953291990155794, 0.776361325433474, 0.8031975892465111], [0.5399732385951047, 0.3993488910398212, 0.3787038546039557, 0.3809845572497628, 0.5133072693813319, 0.7466147349344582, 0.686676289461278, 0.7831848666830027, 0.7684176690239227, 0.793346924066535], [0.6752618541229426, 0.5475252039548026, 0.5203252139714442, 0.5133072693813319, 0.5131087608689905, 0.7438737870894592, 0.6835232776380622, 0.7760989198444953, 0.7602665442942916, 0.7851500270392707], [0.8745781889162371, 0.7833259030742649, 0.7524901131409695, 0.7466147349344582, 0.7438737870894592, 0.7464814481619402, 0.6853849511842448, 0.7753513033149468, 0.763296010767114, 0.7906358347981983], [0.8153490939401848, 0.7202750234925183, 0.6923145155539805, 0.686676289461278, 0.6835232776380622, 0.6853849511842448, 0.6875900540151214, 0.7745694774174572, 0.7624397009270465, 0.7901573477857095], [0.9177822384362545, 0.8273764733410213, 0.7953291990155794, 0.7831848666830027, 0.7760989198444953, 0.7753513033149468, 0.7745694774174572, 0.7668147153123804, 0.7560123513889281, 0.7828720949441852], [0.8997278426940791, 0.8107054527532348, 0.776361325433474, 0.7684176690239227, 0.7602665442942916, 0.763296010767114, 0.7624397009270465, 0.7560123513889281, 0.7498182565874983, 0.7763086367968043], [0.9299918232845966, 0.8393658193833103, 0.8031975892465111, 0.793346924066535, 0.7851500270392707, 0.7906358347981983, 0.7901573477857095, 0.7828720949441852, 0.7763086367968043, 0.7717222436324549]], "vgg.features.11": [[0.07766006813810876, 0.43635382092549163, 0.6847079750797875, 0.879306040997443, 0.9980270263266456, 1.195641804030741, 1.199775926378721, 1.2473823314871684, 1.2638851679336254, 1.2765361308813061], [0.43635382092549163, 0.3485044230332842, 0.5561514189550685, 0.7655946247709672, 0.9012348699637542, 1.116996313749539, 1.1112659733187902, 1.176596354915839, 1.1991687402657076, 1.212849770623736], [0.6847079750797875, 0.5561514189550685, 0.5545214221616441, 0.7525831771992864, 0.8882387114637615, 1.0952223087358504, 1.09087002034382, 1.1635493180002057, 1.1822793766879205, 1.1994979478381087], [0.879306040997443, 0.7655946247709672, 0.7525831771992864, 0.7472466182279979, 0.8792067890067178, 1.0825322241370374, 1.0768992182136967, 1.151860822794206, 1.168402757481492, 1.1850940752060728], [0.9980270263266456, 0.9012348699637542, 0.8882387114637615, 0.8792067890067178, 0.8766056808976463, 1.0763513445819286, 1.0699684754111929, 1.1454434541977105, 1.1610399631287487, 1.179898890847911], [1.195641804030741, 1.116996313749539, 1.0952223087358504, 1.0825322241370374, 1.0763513445819286, 1.069302831643751, 1.0646077946092973, 1.1399276260805593, 1.1545265381028211, 1.17407651021473], [1.199775926378721, 1.1112659733187902, 1.09087002034382, 1.0768992182136967, 1.0699684754111929, 1.0646077946092973, 1.067058439628217, 1.141998052949976, 1.1553869196327273, 1.1747740846695955], [1.2473823314871684, 1.176596354915839, 1.1635493180002057, 1.151860822794206, 1.1454434541977105, 1.1399276260805593, 1.141998052949976, 1.140394960507006, 1.153685877613853, 1.1739216883821117], [1.2638851679336254, 1.1991687402657076, 1.1822793766879205, 1.168402757481492, 1.1610399631287487, 1.1545265381028211, 1.1553869196327273, 1.153685877613853, 1.1515490756825704, 1.172737547436661], [1.2765361308813061, 1.212849770623736, 1.1994979478381087, 1.1850940752060728, 1.179898890847911, 1.17407651021473, 1.1747740846695955, 1.1739216883821117, 1.172737547436661, 1.1694200470106124]], "vgg.features.13": [[0.12587345448804568, 0.7691161818289096, 1.141612232689196, 1.207740131689705, 1.3015783247803003, 1.305286659152566, 1.330666651620006, 1.352334108394615, 1.34614977705352, 1.3721392003785158], [0.7691161818289096, 0.5468091922209163, 0.9605287045583251, 1.0614829629611715, 1.1892370588975198, 1.234353911411922, 1.2391088621148405, 1.276481271055999, 1.276422640477882, 1.3273210743599426], [1.141612232689196, 0.9605287045583251, 0.945046719876563, 1.0331393462480003, 1.1478801140531076, 1.220836381771125, 1.2188577598282426, 1.2593071003116583, 1.2596476133412966, 1.302893007448443], [1.207740131689705, 1.0614829629611715, 1.0331393462480003, 1.0204720767743416, 1.1348186635461968, 1.2116145160229888, 1.2059044363913165, 1.2505782752107635, 1.2477233458522121, 1.2890792504753448], [1.3015783247803003, 1.1892370588975198, 1.1478801140531076, 1.1348186635461968, 1.1259319844005553, 1.2050803216049337, 1.1997191457239467, 1.2454418963419058, 1.2433498122599445, 1.2842201871639267], [1.305286659152566, 1.234353911411922, 1.220836381771125, 1.2116145160229888, 1.2050803216049337, 1.2017468663276998, 1.1981504870696258, 1.2444696082680629, 1.242645542643653, 1.2845339748010614], [1.330666651620006, 1.2391088621148405, 1.2188577598282426, 1.2059044363913165, 1.1997191457239467, 1.1981504870696258, 1.1942726943059652, 1.2420134174810704, 1.2384458936853842, 1.2824531905931285], [1.352334108394615, 1.276481271055999, 1.2593071003116583, 1.2505782752107635, 1.2454418963419058, 1.2444696082680629, 1.2420134174810704, 1.2410620135636201, 1.2383220384077591, 1.2807903087524144], [1.34614977705352, 1.276422640477882, 1.2596476133412966, 1.2477233458522121, 1.2433498122599445, 1.242645542643653, 1.2384458936853842, 1.2383220384077591, 1.2368328216224977, 1.2781649256946408], [1.3721392003785158, 1.3273210743599426, 1.302893007448443, 1.2890792504753448, 1.2842201871639267, 1.2845339748010614, 1.2824531905931285, 1.2807903087524144, 1.2781649256946408, 1.2742654242719595]]}