{"vgg.features.3": [[0.03707775354086248, 0.317115015691306, 0.40733722896835656, 0.4542846066038471, 0.5058162316269466, 0.5378028704066377, 0.5736689052648587, 0.595423871951722, 0.6095547320728433, 0.6240607891806181], [0.317115015691306, 0.13164493237936764, 0.23259836196936212, 0.2829057881201654, 0.346535343143679, 0.38195170995925015, 0.42065882158063067, 0.4470901785664049, 0.4622419512572713, 0.481862388500512], [0.40733722896835656, 0.23259836196936212, 0.18413112835612466, 0.22848797009735838, 0.2863597409537737, 0.32138876699029545, 0.35996127915269716, 0.3873149059174093, 0.40077702506717805, 0.4209717970310536], [0.4542846066038471, 0.2829057881201654, 0.22848797009735838, 0.21346894513366288, 0.26550414998768224, 0.2973176627770457, 0.334427858476584, 0.3600895237636858, 0.37354105670458343, 0.39239890808859956], [0.5058162316269466, 0.346535343143679, 0.2863597409537737, 0.26550414998768224, 0.2594772172243728, 0.2872103928605918, 0.32232938508984066, 0.3460478454924356, 0.3584165418446419, 0.37756128361505825], [0.5378028704066377, 0.38195170995925015, 0.32138876699029545, 0.2973176627770457, 0.2872103928605918, 0.2848301055456518, 0.3169008615322131, 0.33820035981119523, 0.3508113724739644, 0.3689676645655822], [0.5736689052648587, 0.42065882158063067, 0.35996127915269716, 0.334427858476584, 0.32232938508984066, 0.3169008615322131, 0.3147577373024493, 0.3327471279762732, 0.3438458975820578, 0.36152632858498995], [0.595423871951722, 0.4470901785664049, 0.3873149059174093, 0.3600895237636858, 0.3460478454924356, 0.33820035981119523, 0.3327471279762732, 0.33146210281470984, 0.34219172690227767, 0.35909354942734223], [0.6095547320728433, 0.4622419512572713, 0.40077702506717805, 0.37354105670458343, 0.3584165418446419, 0.3508113724739644, 0.3438458975820578, 0.34219172690227767, 0.34162676648590634, 0.3579530679882168], [0.6240607891806181, 0.481862388500512, 0.4209717970310536, 0.39239890808859956, 0.37756128361505825, 0.3689676645655822, 0.36152632858498995, 0.35909354942734223, 0.3579530679882168, 0.3605951398295269]], "vgg.features.6": [[0.049304476548804044, 0.34541782923656184, 0.43914632176656626, 0.4869020051990756, 0.5393847608854515, 0.5824638029191493, 0.606276650458981, 0.6353135173900101, 0.635135815984433, 0.6472248920694484], [0.34541782923656184, 0.16952708420493162, 0.27258601592917214, 0.3269712199812094, 0.3872460958277289, 0.4323805671042438, 0.4595769391961219, 0.49346087556907575, 0.49594877677566457, 0.5111190069228705], [0.43914632176656626, 0.27258601592917214, 0.24230957493459065, 0.28929284995488097, 0.3452903552233529, 0.39047665022345557, 0.4167929888474765, 0.45010174079726867, 0.4509162292401772, 0.46612742526377227], [0.4869020051990756, 0.3269712199812094, 0.28929284995488097, 0.27793774153213296, 0.32785733188364613, 0.3702490192555944, 0.3957291827448359, 0.42770365162222973, 0.4285056599536339, 0.4429934048451598], [0.5393847608854515, 0.3872460958277289, 0.3452903552233529, 0.32785733188364613, 0.3280181447578446, 0.36739457586819246, 0.3914727987224939, 0.4213106435131836, 0.42169845692155494, 0.43575617589938676], [0.5824638029191493, 0.4323805671042438, 0.39047665022345557, 0.3702490192555944, 0.36739457586819246, 0.36817041230822356, 0.39144514737987884, 0.41940604107674434, 0.4210327616509101, 0.4345592852954368], [0.606276650458981, 0.4595769391961219, 0.4167929888474765, 0.3957291827448359, 0.3914727987224939, 0.39144514737987884, 0.39418100089843144, 0.41947922024288, 0.4213970637501116, 0.4346197339414249], [0.6353135173900101, 0.49346087556907575, 0.45010174079726867, 0.42770365162222973, 0.4213106435131836, 0.41940604107674434, 0.41947922024288, 0.4215048835158598, 0.42318759210315904, 0.4365842076495368], [0.635135815984433, 0.49594877677566457, 0.4509162292401772, 0.4285056599536339, 0.42169845692155494, 0.4210327616509101, 0.4213970637501116, 0.42318759210315904, 0.4285212955900802, 0.44136130866268447], [0.6472248920694484, 0.5111190069228705, 0.46612742526377227, 0.4429934048451598, 0.43575617589938676, 0.4345592852954368, 0.4346197339414249, 0.4365842076495368, 0.44136130866268447, 0.4452251093195093]], "vgg.features.8": [[0.06898848384511096, 0.40411738444259016, 0.510005020283412, 0.5674766197073047, 0.6322872443051348, 0.698741639944951, 0.7211016770905878, 0.7641997269112359, 0.7668770647950639, 0.7894892786907901], [0.40411738444259016, 0.23440182330452816, 0.35036952543155536, 0.41507659639837646, 0.48674962453268505, 0.5588792504129262, 0.5843514727677509, 0.6343492564856507, 0.6391969922695435, 0.6649911014642101], [0.510005020283412, 0.35036952543155536, 0.3332899378427163, 0.388334491800382, 0.45478895277707526, 0.5261353752086246, 0.5501818647902041, 0.6007979914638643, 0.6042906154910042, 0.6301409223853538], [0.5674766197073047, 0.41507659639837646, 0.388334491800382, 0.3843071970130497, 0.4433001964261861, 0.5127235827922263, 0.5348846717687706, 0.5842455789587975, 0.5873762308538572, 0.6129828679683899], [0.6322872443051348, 0.48674962453268505, 0.45478895277707526, 0.4433001964261861, 0.4484107525832458, 0.5135234904760212, 0.5352896994187087, 0.5827523992858745, 0.5842611399281861, 0.6082889302018964], [0.698741639944951, 0.5588792504129262, 0.5261353752086246, 0.5127235827922263, 0.5135234904760212, 0.5169260814908591, 0.538072179418004, 0.5839270389215067, 0.5857858526551717, 0.6089912562092663], [0.7211016770905878, 0.5843514727677509, 0.5501818647902041, 0.5348846717687706, 0.5352896994187087, 0.538072179418004, 0.5416758632415379, 0.585646436371281, 0.587473130746199, 0.610075724770327], [0.7641997269112359, 0.6343492564856507, 0.6007979914638643, 0.5842455789587975, 0.5827523992858745, 0.5839270389215067, 0.585646436371281, 0.5874399002964553, 0.5892787407435123, 0.6117421463490427], [0.7668770647950639, 0.6391969922695435, 0.6042906154910042, 0.5873762308538572, 0.5842611399281861, 0.5857858526551717, 0.587473130746199, 0.5892787407435123, 0.590783140573025, 0.612783608424183], [0.7894892786907901, 0.6649911014642101, 0.6301409223853538, 0.6129828679683899, 0.6082889302018964, 0.6089912562092663, 0.610075724770327, 0.6117421463490427, 0.612783608424183, 0.6145306734169926]], "vgg.features.11": [[0.09080818433444157, 0.43705759469689365, 0.574918947801046, 0.6571043007699963, 0.7536861569800932, 0.8688571749121925, 0.8827898251826316, 0.9554344486869099, 0.9506863517380836, 0.9898255526005079], [0.43705759469689365, 0.3288083360480597, 0.4647159308609754, 0.5539580533453577, 0.6553228665278602, 0.7797985216295393, 0.797821829740033, 0.8752963578840962, 0.8723639809913715, 0.9152789202559979], [0.574918947801046, 0.4647159308609754, 0.4638499111205553, 0.5461566014766855, 0.6420204381928425, 0.7640281228112556, 0.7820488873503485, 0.8586789695633433, 0.8552337657172019, 0.898354638008163], [0.6571043007699963, 0.5539580533453577, 0.5461566014766855, 0.5535959396684402, 0.6430692282541225, 0.7599504508532543, 0.7779009100990655, 0.8532655936639824, 0.8485352655440451, 0.8918383453256477], [0.7536861569800932, 0.6553228665278602, 0.6420204381928425, 0.6430692282541225, 0.6457397784151417, 0.7613207710270882, 0.7781432786148179, 0.8531668590229405, 0.8474721818097067, 0.8901335748403041], [0.8688571749121925, 0.7797985216295393, 0.7640281228112556, 0.7599504508532543, 0.7613207710270882, 0.7627426125766457, 0.7791049469369693, 0.8531891699984334, 0.8473464628180929, 0.8899609203567277], [0.8827898251826316, 0.797821829740033, 0.7820488873503485, 0.7779009100990655, 0.7781432786148179, 0.7791049469369693, 0.7844792097280403, 0.8576798785058398, 0.8512754118817958, 0.8929516210147841], [0.9554344486869099, 0.8752963578840962, 0.8586789695633433, 0.8532655936639824, 0.8531668590229405, 0.8531891699984334, 0.8576798785058398, 0.8604168770884938, 0.854287172002754, 0.8958860512079977], [0.9506863517380836, 0.8723639809913715, 0.8552337657172019, 0.8485352655440451, 0.8474721818097067, 0.8473464628180929, 0.8512754118817958, 0.854287172002754, 0.8550650619161395, 0.8966236744704432], [0.9898255526005079, 0.9152789202559979, 0.898354638008163, 0.8918383453256477, 0.8901335748403041, 0.8899609203567277, 0.8929516210147841, 0.8958860512079977, 0.8966236744704432, 0.8964262798181393]], "vgg.features.13": [[0.1398404385999621, 0.5995382103569019, 0.7865216061360983, 0.9258595074146976, 1.0397767869221735, 1.1557103849643076, 1.1827419239720078, 1.2442122426106483, 1.2485542559708545, 1.2778189312621948], [0.5995382103569019, 0.4908769558973472, 0.6849517275463146, 0.8358469896489391, 0.9688022888026327, 1.1041496690706278, 1.1327366429925358, 1.2041513097980878, 1.2112814453997778, 1.242909630545246], [0.7865216061360983, 0.6849517275463146, 0.6840142074287209, 0.8278303449587112, 0.9576255782595485, 1.0932458609501077, 1.121445045031453, 1.1931285792164683, 1.2005949496838422, 1.2332504371068833], [0.9258595074146976, 0.8358469896489391, 0.8278303449587112, 0.8314490218507486, 0.9572417314606506, 1.0913293695536181, 1.1186366766471443, 1.1898337684454696, 1.1972679946824256, 1.2301270525608619], [1.0397767869221735, 0.9688022888026327, 0.9576255782595485, 0.9572417314606506, 0.9587624424768352, 1.0907373574313073, 1.118185470230161, 1.1876752881079229, 1.1958539340134304, 1.2289772928040772], [1.1557103849643076, 1.1041496690706278, 1.0932458609501077, 1.0913293695536181, 1.0907373574313073, 1.0915788590494333, 1.118502653785773, 1.1874296604768968, 1.1949939194163577, 1.2284388899731682], [1.1827419239720078, 1.1327366429925358, 1.121445045031453, 1.1186366766471443, 1.118185470230161, 1.118502653785773, 1.1191419753916316, 1.1875952786386899, 1.1956459081834967, 1.2282814527222348], [1.2442122426106483, 1.2041513097980878, 1.1931285792164683, 1.1898337684454696, 1.1876752881079229, 1.1874296604768968, 1.1875952786386899, 1.1896453111747778, 1.1975320595447032, 1.2299806506963809], [1.2485542559708545, 1.2112814453997778, 1.2005949496838422, 1.1972679946824256, 1.1958539340134304, 1.1949939194163577, 1.1956459081834967, 1.1975320595447032, 1.1993168389746025, 1.2315946360379224], [1.2778189312621948, 1.242909630545246, 1.2332504371068833, 1.2301270525608619, 1.2289772928040772, 1.2284388899731682, 1.2282814527222348, 1.2299806506963809, 1.2315946360379224, 1.2321509530780719]]}