{"vgg.features.3": [[0.037350101274732664, 0.24790478747121597, 0.3346631257140519, 0.36074208246166667, 0.41138695628282135, 0.4501837993297395, 0.4740931605136325, 0.49991187107023394, 0.5059954391517631, 0.5182455466100647], [0.24790478747121597, 0.1269994814583915, 0.22306650174879417, 0.2578563295293981, 0.30697695971542494, 0.34032829511929874, 0.37087594317031236, 0.4029213674469024, 0.40954595607239175, 0.42248034825845104], [0.3346631257140519, 0.22306650174879417, 0.18505306609154945, 0.21564246114609853, 0.26057169004907677, 0.2936908977609676, 0.320910090548451, 0.3557788436899867, 0.3615989521859112, 0.37517430748637853], [0.36074208246166667, 0.2578563295293981, 0.21564246114609853, 0.2095686436703899, 0.24563551174818582, 0.2728075447265553, 0.296505599189043, 0.32704525927229616, 0.33542972568991797, 0.3458861373911251], [0.41138695628282135, 0.30697695971542494, 0.26057169004907677, 0.24563551174818582, 0.24398981801134864, 0.2714099258183504, 0.2896668226986682, 0.3127250111309421, 0.322844733324943, 0.33166296949930296], [0.4501837993297395, 0.34032829511929874, 0.2936908977609676, 0.2728075447265553, 0.2714099258183504, 0.27791015079740283, 0.29536699497188795, 0.31559704943645017, 0.325919377930439, 0.3337380213436943], [0.4740931605136325, 0.37087594317031236, 0.320910090548451, 0.296505599189043, 0.2896668226986682, 0.29536699497188795, 0.29980644044336846, 0.31528445866332777, 0.32277784496823847, 0.32885097201796437], [0.49991187107023394, 0.4029213674469024, 0.3557788436899867, 0.32704525927229616, 0.3127250111309421, 0.31559704943645017, 0.31528445866332777, 0.3174552715603845, 0.32331032660969455, 0.3305204767897153], [0.5059954391517631, 0.40954595607239175, 0.3615989521859112, 0.33542972568991797, 0.322844733324943, 0.325919377930439, 0.32277784496823847, 0.32331032660969455, 0.33372801361436977, 0.3396258348051133], [0.5182455466100647, 0.42248034825845104, 0.37517430748637853, 0.3458861373911251, 0.33166296949930296, 0.3337380213436943, 0.32885097201796437, 0.3305204767897153, 0.3396258348051133, 0.3490067799282274]], "vgg.features.6": [[0.041877269673801766, 0.2542235856695157, 0.3404239934442695, 0.38208585437168974, 0.4395857556999966, 0.5396605501199252, 0.5029397439395569, 0.5529121621157969, 0.5380247247087481, 0.5561850108045323], [0.2542235856695157, 0.14738639422882138, 0.2222064525546596, 0.269487460227681, 0.31923505891987697, 0.4198186145699805, 0.3894107368765694, 0.4427725366957175, 0.43858016905693004, 0.4567525075922372], [0.3404239934442695, 0.2222064525546596, 0.21795235075555044, 0.25598046978902994, 0.2988618911547704, 0.39327318023706503, 0.3613832310733449, 0.41189985454022676, 0.40778760298137035, 0.4243501179211178], [0.38208585437168974, 0.269487460227681, 0.25598046978902994, 0.24725561720185202, 0.2867218366001912, 0.37818407696263434, 0.34884691115071115, 0.3978008032381752, 0.39805536674448005, 0.4149898251604334], [0.4395857556999966, 0.31923505891987697, 0.2988618911547704, 0.2867218366001912, 0.2889723757102191, 0.3755404499087036, 0.34584270992414456, 0.3912210562994127, 0.38964978082827095, 0.40623298956974424], [0.5396605501199252, 0.4198186145699805, 0.39327318023706503, 0.37818407696263434, 0.3755404499087036, 0.38385432473663916, 0.3535458600921593, 0.39383212161480263, 0.3922197776738979, 0.4103094413306698], [0.5029397439395569, 0.3894107368765694, 0.3613832310733449, 0.34884691115071115, 0.34584270992414456, 0.3535458600921593, 0.3641817582581127, 0.4003127779704524, 0.398269818767479, 0.4138399335984331], [0.5529121621157969, 0.4427725366957175, 0.41189985454022676, 0.3978008032381752, 0.3912210562994127, 0.39383212161480263, 0.4003127779704524, 0.40555276708764837, 0.40282361316166926, 0.41844628219403684], [0.5380247247087481, 0.43858016905693004, 0.40778760298137035, 0.39805536674448005, 0.38964978082827095, 0.3922197776738979, 0.398269818767479, 0.40282361316166926, 0.4081331476784575, 0.42273089405091174], [0.5561850108045323, 0.4567525075922372, 0.4243501179211178, 0.4149898251604334, 0.40623298956974424, 0.4103094413306698, 0.4138399335984331, 0.41844628219403684, 0.42273089405091174, 0.4249038013057648]], "vgg.features.8": [[0.05674181677792657, 0.3325722701010504, 0.4947580446048094, 0.5426930531408258, 0.6759669967094868, 0.8589323273452113, 0.8092696433833599, 0.8994996516606634, 0.8914505081574283, 0.9216465305708137], [0.3325722701010504, 0.2040099122377809, 0.331740757837385, 0.393763926300899, 0.5375677800084872, 0.7533965948518634, 0.6994019609685841, 0.7937256227075377, 0.7885165733914162, 0.8180417210989591], [0.4947580446048094, 0.331740757837385, 0.31643382650766105, 0.3715120378536922, 0.5088604272167591, 0.7232790875178324, 0.6705735259068646, 0.7608506455959692, 0.7530733016746946, 0.7820640265974707], [0.5426930531408258, 0.393763926300899, 0.3715120378536922, 0.3724621900962278, 0.4993647268258441, 0.7153410785308818, 0.6624017264144827, 0.7462623605862659, 0.7417893819906214, 0.7690021050354418], [0.6759669967094868, 0.5375677800084872, 0.5088604272167591, 0.4993647268258441, 0.4994844537315376, 0.7130563060122037, 0.6595389927230969, 0.7384549828522744, 0.7335018390181463, 0.7603564179712506], [0.8589323273452113, 0.7533965948518634, 0.7232790875178324, 0.7153410785308818, 0.7130563060122037, 0.7149700350299097, 0.6606122478434836, 0.7372192761945768, 0.7357974543912633, 0.7643869746435231], [0.8092696433833599, 0.6994019609685841, 0.6705735259068646, 0.6624017264144827, 0.6595389927230969, 0.6606122478434836, 0.6631369736111465, 0.7366698190996722, 0.7345323286998623, 0.7631907673023518], [0.8994996516606634, 0.7937256227075377, 0.7608506455959692, 0.7462623605862659, 0.7384549828522744, 0.7372192761945768, 0.7366698190996722, 0.7314425805702655, 0.7302241279435906, 0.7573716699488479], [0.8914505081574283, 0.7885165733914162, 0.7530733016746946, 0.7417893819906214, 0.7335018390181463, 0.7357974543912633, 0.7345323286998623, 0.7302241279435906, 0.726306160020698, 0.7529236427991471], [0.9216465305708137, 0.8180417210989591, 0.7820640265974707, 0.7690021050354418, 0.7603564179712506, 0.7643869746435231, 0.7631907673023518, 0.7573716699488479, 0.7529236427991471, 0.7508837360076183]], "vgg.features.11": [[0.07756397727736068, 0.44088400234189723, 0.688859812365751, 0.875380979402294, 0.994015221544813, 1.1844831199785462, 1.191659238706863, 1.2435652730825006, 1.2594513735088586, 1.2724148094889414], [0.44088400234189723, 0.34602324241682303, 0.5460114187722054, 0.7500623621876125, 0.8850018296928163, 1.0919343290694468, 1.085077697359345, 1.151286687180062, 1.1781741854624277, 1.1948632003701192], [0.688859812365751, 0.5460114187722054, 0.5438055374635496, 0.7389161040793968, 0.8734341798336668, 1.0714777900112906, 1.0637461552366134, 1.130740717676505, 1.1565814102259497, 1.1777724906982496], [0.875380979402294, 0.7500623621876125, 0.7389161040793968, 0.7350964151974253, 0.865994274483447, 1.059214624525683, 1.0492753875346192, 1.115729350512752, 1.1409254382159362, 1.1619876487302092], [0.994015221544813, 0.8850018296928163, 0.8734341798336668, 0.865994274483447, 0.8616070017289479, 1.0515550363849924, 1.0404682278825488, 1.106173442401594, 1.1313146308908313, 1.1546677758490165], [1.1844831199785462, 1.0919343290694468, 1.0714777900112906, 1.059214624525683, 1.0515550363849924, 1.0432265742938847, 1.0339742434630579, 1.0993809278799644, 1.1241923849337065, 1.14883547448244], [1.191659238706863, 1.085077697359345, 1.0637461552366134, 1.0492753875346192, 1.0404682278825488, 1.0339742434630579, 1.036618638536202, 1.1013467255241296, 1.1253112267060412, 1.1494300123286711], [1.2435652730825006, 1.151286687180062, 1.130740717676505, 1.115729350512752, 1.106173442401594, 1.0993809278799644, 1.1013467255241296, 1.0999953254236845, 1.1232300101610662, 1.1481271264447288], [1.2594513735088586, 1.1781741854624277, 1.1565814102259497, 1.1409254382159362, 1.1313146308908313, 1.1241923849337065, 1.1253112267060412, 1.1232300101610662, 1.1206714615594318, 1.1468991695240247], [1.2724148094889414, 1.1948632003701192, 1.1777724906982496, 1.1619876487302092, 1.1546677758490165, 1.14883547448244, 1.1494300123286711, 1.1481271264447288, 1.1468991695240247, 1.1430108227829712]], "vgg.features.13": [[0.12426715297452572, 0.7729743572069371, 1.1559078683443467, 1.2095353648229565, 1.3158323424319047, 1.3181611636599337, 1.3393011468880482, 1.3621463528907998, 1.3590519058155313, 1.38536852766289], [0.7729743572069371, 0.5530411940368957, 0.9550629313810576, 1.0564376386296448, 1.1943140746371772, 1.247686227636505, 1.2457803175734656, 1.2823542951189881, 1.287045305265191, 1.3375983055698166], [1.1559078683443467, 0.9550629313810576, 0.9407223275069442, 1.0287308013598657, 1.1542727385448375, 1.2348115228860217, 1.2262344054707262, 1.262721137485926, 1.26893418023881, 1.3106008312809605], [1.2095353648229565, 1.0564376386296448, 1.0287308013598657, 1.0171051877352142, 1.1433803537300264, 1.227971266615708, 1.2147203852419548, 1.2577944818755076, 1.2579850841022917, 1.2977905019521845], [1.3158323424319047, 1.1943140746371772, 1.1542727385448375, 1.1433803537300264, 1.136416775063791, 1.2220162971903208, 1.2085402927180022, 1.2532674574930793, 1.254257507687675, 1.2933619816157038], [1.3181611636599337, 1.247686227636505, 1.2348115228860217, 1.227971266615708, 1.2220162971903208, 1.218791511905154, 1.2070559728842865, 1.2526370638837028, 1.254066736707096, 1.294118918224523], [1.3393011468880482, 1.2457803175734656, 1.2262344054707262, 1.2147203852419548, 1.2085402927180022, 1.2070559728842865, 1.2039429963780424, 1.2517450715544145, 1.2509856793430474, 1.2931122156269348], [1.3621463528907998, 1.2823542951189881, 1.262721137485926, 1.2577944818755076, 1.2532674574930793, 1.2526370638837028, 1.2517450715544145, 1.249938345154574, 1.250933282027681, 1.2906180401167862], [1.3590519058155313, 1.287045305265191, 1.26893418023881, 1.2579850841022917, 1.254257507687675, 1.254066736707096, 1.2509856793430474, 1.250933282027681, 1.2491646443967326, 1.2883804523970768], [1.38536852766289, 1.3375983055698166, 1.3106008312809605, 1.2977905019521845, 1.2933619816157038, 1.294118918224523, 1.2931122156269348, 1.2906180401167862, 1.2883804523970768, 1.2846050830696052]]}