{"vgg.features.3": [[0.024014318398690157, 0.030200867806242863, 0.04229810570148257, 0.056336240506950554, 0.06872212174709198, 0.08336491066194494, 0.10507174164074275, 0.1283578614307475, 0.14623843836461387, 0.1589724377473679], [0.030200867806242863, 0.2039044092719547, 0.2017067845372066, 0.19999475029423996, 0.1991047580812189, 0.20034390527983864, 0.20720286723437872, 0.21438375628750392, 0.21970135013268735, 0.22503129558504384], [0.04229810570148257, 0.2017067845372066, 0.2389755251198782, 0.23676811720989976, 0.23474883182417147, 0.23419892923587046, 0.23786443732496795, 0.24355994455099042, 0.24694226032327615, 0.25058145469135196], [0.056336240506950554, 0.19999475029423996, 0.23676811720989976, 0.27113246628190824, 0.26840464676149856, 0.26730003199631913, 0.2690744923175349, 0.2733392197150743, 0.2754483080516015, 0.27751418328179656], [0.06872212174709198, 0.1991047580812189, 0.23474883182417147, 0.26840464676149856, 0.30655612359698753, 0.3058884229844904, 0.30818797023646993, 0.3118980019699256, 0.3137073113010361, 0.31493055490982425], [0.08336491066194494, 0.20034390527983864, 0.23419892923587046, 0.26730003199631913, 0.3058884229844904, 0.3349106218459083, 0.3369039773968781, 0.3392025188448689, 0.340664290438252, 0.3406438111630968], [0.10507174164074275, 0.20720286723437872, 0.23786443732496795, 0.2690744923175349, 0.30818797023646993, 0.3369039773968781, 0.3692107316197923, 0.37022965062642693, 0.36998586464140487, 0.36896169951298635], [0.1283578614307475, 0.21438375628750392, 0.24355994455099042, 0.2733392197150743, 0.3118980019699256, 0.3392025188448689, 0.37022965062642693, 0.3929284836460466, 0.3926957329499963, 0.3909977368589518], [0.14623843836461387, 0.21970135013268735, 0.24694226032327615, 0.2754483080516015, 0.3137073113010361, 0.340664290438252, 0.36998586464140487, 0.3926957329499963, 0.4145881898541102, 0.4122716158328753], [0.1589724377473679, 0.22503129558504384, 0.25058145469135196, 0.27751418328179656, 0.31493055490982425, 0.3406438111630968, 0.36896169951298635, 0.3909977368589518, 0.4122716158328753, 0.43195858419462557]], "vgg.features.6": [[0.03375172140693847, 0.045834933595498326, 0.07211882164693681, 0.1782264178780356, 0.19531757127923202, 0.21455583578803009, 0.2179669559413179, 0.24187769627349354, 0.2525440452855406, 0.2582586734001365], [0.045834933595498326, 0.22647439837007385, 0.2341597968853831, 0.27254602357461144, 0.28335626242459755, 0.29065856890367187, 0.2918294997898388, 0.3029840675993827, 0.3086329144624698, 0.3124815663804905], [0.07211882164693681, 0.2341597968853831, 0.26938327028280756, 0.2897482955178929, 0.3002834254963999, 0.3040741583515462, 0.30387303775653174, 0.3109927769045775, 0.3151118297141371, 0.31808353765331315], [0.1782264178780356, 0.27254602357461144, 0.2897482955178929, 0.31514930585665807, 0.3218437202182939, 0.3254429965840683, 0.324666236482449, 0.33016848085868933, 0.33319537418784334, 0.33591265170777984], [0.19531757127923202, 0.28335626242459755, 0.3002834254963999, 0.3218437202182939, 0.34472343881006134, 0.34862949286645445, 0.3477175274025103, 0.350389802328258, 0.3527634090294401, 0.3537794872285638], [0.21455583578803009, 0.29065856890367187, 0.3040741583515462, 0.3254429965840683, 0.34862949286645445, 0.3773742454274567, 0.37608575748943623, 0.37796685517869866, 0.3793707080364344, 0.3799678840854528], [0.2179669559413179, 0.2918294997898388, 0.30387303775653174, 0.324666236482449, 0.3477175274025103, 0.37608575748943623, 0.4012311797788792, 0.4017365785818918, 0.4026747684549916, 0.40222700415737345], [0.24187769627349354, 0.3029840675993827, 0.3109927769045775, 0.33016848085868933, 0.350389802328258, 0.37796685517869866, 0.4017365785818918, 0.4199088620929512, 0.420638509668091, 0.4195386981638094], [0.2525440452855406, 0.3086329144624698, 0.3151118297141371, 0.33319537418784334, 0.3527634090294401, 0.3793707080364344, 0.4026747684549916, 0.420638509668091, 0.43691324022851113, 0.43540400358553655], [0.2582586734001365, 0.3124815663804905, 0.31808353765331315, 0.33591265170777984, 0.3537794872285638, 0.3799678840854528, 0.40222700415737345, 0.4195386981638094, 0.43540400358553655, 0.4498001196023282]], "vgg.features.8": [[0.03648533817292714, 0.05054900000776916, 0.06921668684257404, 0.08996388003079664, 0.11377773221240754, 0.12341243532256867, 0.13487493591375962, 0.16735081094422685, 0.18292372295604772, 0.18212234986107978], [0.05054900000776916, 0.2700023612970518, 0.2634311674642651, 0.2616410833537389, 0.2615144472619428, 0.2558835072761866, 0.2589314353754236, 0.26511445921784643, 0.26582536003702123, 0.26143482099272425], [0.06921668684257404, 0.2634311674642651, 0.32715624140362415, 0.32041369688721943, 0.31744375977021483, 0.3105079761769149, 0.31053653647508755, 0.31073641679194286, 0.3068593272427191, 0.3036317107108916], [0.08996388003079664, 0.2616410833537389, 0.32041369688721943, 0.3706513291829222, 0.36530863786236323, 0.35871099798910455, 0.3577505599510376, 0.35396582361065926, 0.3493342837607314, 0.347858203118603], [0.11377773221240754, 0.2615144472619428, 0.31744375977021483, 0.36530863786236323, 0.40566502654915393, 0.40045428594072024, 0.39817216562362967, 0.39287284278202766, 0.3873823730791243, 0.3863602905668833], [0.12341243532256867, 0.2558835072761866, 0.3105079761769149, 0.35871099798910455, 0.40045428594072024, 0.43294196722749567, 0.4303940599111469, 0.4239494908875778, 0.4185229821342431, 0.4189394369525817], [0.13487493591375962, 0.2589314353754236, 0.31053653647508755, 0.3577505599510376, 0.39817216562362967, 0.4303940599111469, 0.46587973346338424, 0.45799009077134056, 0.45189616926192394, 0.452624550884423], [0.16735081094422685, 0.26511445921784643, 0.31073641679194286, 0.35396582361065926, 0.39287284278202766, 0.4239494908875778, 0.45799009077134056, 0.4805342377592375, 0.4750288032139448, 0.47547290502518075], [0.18292372295604772, 0.26582536003702123, 0.3068593272427191, 0.3493342837607314, 0.3873823730791243, 0.4185229821342431, 0.45189616926192394, 0.4750288032139448, 0.49054043277124315, 0.49029160860117843], [0.18212234986107978, 0.26143482099272425, 0.3036317107108916, 0.347858203118603, 0.3863602905668833, 0.4189394369525817, 0.452624550884423, 0.47547290502518075, 0.49029160860117843, 0.5113629950985004]], "vgg.features.11": [[0.05742971020817964, 0.09694069836342872, 0.17978803337481922, 0.21905745003504218, 0.24749829214671398, 0.26548100816312925, 0.29614357284086995, 0.3136486675659544, 0.3315928514561549, 0.3396693020222687], [0.09694069836342872, 0.32262799339259624, 0.3390912031930843, 0.3439871746118766, 0.3445124701175185, 0.3536409498777733, 0.37081864053897273, 0.3689453098265646, 0.3795549190865502, 0.3860109795899498], [0.17978803337481922, 0.3390912031930843, 0.38784373431695934, 0.3869254441911427, 0.38430363767072045, 0.3908555317466058, 0.40342403498994905, 0.39566849166784757, 0.4030197510916709, 0.4103572504173228], [0.21905745003504218, 0.3439871746118766, 0.3869254441911427, 0.4328273194091516, 0.4254625640529927, 0.4294033516982237, 0.4363654494540248, 0.42578389537905004, 0.43058180226452064, 0.43758913149035894], [0.24749829214671398, 0.3445124701175185, 0.38430363767072045, 0.4254625640529927, 0.44813732050723715, 0.44943982298743074, 0.45620291946468666, 0.446502579272174, 0.4516739628580061, 0.458937778057137], [0.26548100816312925, 0.3536409498777733, 0.3908555317466058, 0.4294033516982237, 0.44943982298743074, 0.47272777672667043, 0.47732785340703054, 0.4688216600636794, 0.471957609160798, 0.47762689185106705], [0.29614357284086995, 0.37081864053897273, 0.40342403498994905, 0.4363654494540248, 0.45620291946468666, 0.47732785340703054, 0.5045669309690675, 0.4964414385635414, 0.49873352065607934, 0.5046466512433685], [0.3136486675659544, 0.3689453098265646, 0.39566849166784757, 0.42578389537905004, 0.446502579272174, 0.4688216600636794, 0.4964414385635414, 0.513818630991478, 0.5152506028483943, 0.5203929058061247], [0.3315928514561549, 0.3795549190865502, 0.4030197510916709, 0.43058180226452064, 0.4516739628580061, 0.471957609160798, 0.49873352065607934, 0.5152506028483943, 0.5271873041415718, 0.5329519802531889], [0.3396693020222687, 0.3860109795899498, 0.4103572504173228, 0.43758913149035894, 0.458937778057137, 0.47762689185106705, 0.5046466512433685, 0.5203929058061247, 0.5329519802531889, 0.5479004459470631]], "vgg.features.13": [[0.08520230400142363, 0.151218298392425, 0.32720121197554036, 0.48749638240643395, 0.4967665202174562, 0.502038562540366, 0.523123796644306, 0.5602177916937907, 0.574664533463519, 0.5597607766173383], [0.151218298392425, 0.5024897795043746, 0.520759710199134, 0.560271932864675, 0.5520646316226121, 0.5591728301930137, 0.5575654497023365, 0.5679044002599676, 0.5711064151633793, 0.5667700946381293], [0.32720121197554036, 0.520759710199134, 0.5872625530237972, 0.5983420546686359, 0.586300178946006, 0.590801727881578, 0.5898996140730755, 0.5966181215478656, 0.5980270568470648, 0.5921835142912127], [0.48749638240643395, 0.560271932864675, 0.5983420546686359, 0.6357466841201116, 0.6224568609882508, 0.6245653961590037, 0.6221651058208434, 0.6291017027345285, 0.6311877432547383, 0.6249592739704835], [0.4967665202174562, 0.5520646316226121, 0.586300178946006, 0.6224568609882508, 0.6458126470964077, 0.6475469722067411, 0.6454193492170791, 0.6502646989473377, 0.6516978934181695, 0.646080219414641], [0.502038562540366, 0.5591728301930137, 0.590801727881578, 0.6245653961590037, 0.6475469722067411, 0.6652697052938196, 0.6637434310303805, 0.6669047322319372, 0.6685458702097871, 0.6632890723476169], [0.523123796644306, 0.5575654497023365, 0.5898996140730755, 0.6221651058208434, 0.6454193492170791, 0.6637434310303805, 0.6871540646663363, 0.689192827475976, 0.6892894990669596, 0.6867638625121336], [0.5602177916937907, 0.5679044002599676, 0.5966181215478656, 0.6291017027345285, 0.6502646989473377, 0.6669047322319372, 0.689192827475976, 0.7030847883080513, 0.7031677016483827, 0.7014050436691552], [0.574664533463519, 0.5711064151633793, 0.5980270568470648, 0.6311877432547383, 0.6516978934181695, 0.6685458702097871, 0.6892894990669596, 0.7031677016483827, 0.7123384939712838, 0.7103827807276301], [0.5597607766173383, 0.5667700946381293, 0.5921835142912127, 0.6249592739704835, 0.646080219414641, 0.6632890723476169, 0.6867638625121336, 0.7014050436691552, 0.7103827807276301, 0.7201698514416495]]}