{"vgg.features.3": [[0.034485221680674236, 0.24184038136215322, 0.333515417583601, 0.35538523010484396, 0.40460596946698396, 0.4405564912403942, 0.4698176536330756, 0.4942208794985672, 0.4991848381558215, 0.5079053133715914], [0.24184038136215322, 0.23621545344921224, 0.32883952912050707, 0.3515801219343291, 0.4014499448429009, 0.4361911853081052, 0.4657408142006231, 0.48965286077437253, 0.4956503370157303, 0.5041921098696278], [0.333515417583601, 0.32883952912050707, 0.3246634435315534, 0.34774719507605245, 0.3975936547370195, 0.4316955846341086, 0.46078363533026323, 0.4843261472822421, 0.490504075108067, 0.4985662903244151], [0.35538523010484396, 0.3515801219343291, 0.34774719507605245, 0.34466588984317953, 0.3950660924858969, 0.42726457730344597, 0.45687844840141045, 0.47988374244206106, 0.4865352490219396, 0.4940167746890241], [0.40460596946698396, 0.4014499448429009, 0.3975936547370195, 0.3950660924858969, 0.3918150845693239, 0.4226723392912677, 0.4526096723746743, 0.47540257043978773, 0.48235835464885884, 0.48952281764628924], [0.4405564912403942, 0.4361911853081052, 0.4316955846341086, 0.42726457730344597, 0.4226723392912677, 0.41682773464599077, 0.4471149934579023, 0.46973838939984386, 0.47817753475794345, 0.48446182411787453], [0.4698176536330756, 0.4657408142006231, 0.46078363533026323, 0.45687844840141045, 0.4526096723746743, 0.4471149934579023, 0.4440791428519795, 0.4663565450954082, 0.47481621285926345, 0.480793008811954], [0.4942208794985672, 0.48965286077437253, 0.4843261472822421, 0.47988374244206106, 0.47540257043978773, 0.46973838939984386, 0.4663565450954082, 0.4633716671233787, 0.4744604240126186, 0.47907478784015245], [0.4991848381558215, 0.4956503370157303, 0.490504075108067, 0.4865352490219396, 0.48235835464885884, 0.47817753475794345, 0.47481621285926345, 0.4744604240126186, 0.47273144368821185, 0.4768694468575746], [0.5079053133715914, 0.5041921098696278, 0.4985662903244151, 0.4940167746890241, 0.48952281764628924, 0.48446182411787453, 0.480793008811954, 0.47907478784015245, 0.4768694468575746, 0.47225288487811673]], "vgg.features.6": [[0.05143422663356626, 0.2502939906635783, 0.3362213826482459, 0.3796354092452994, 0.43679334611112663, 0.5395324753347966, 0.4966113459342744, 0.5489483852375107, 0.5279385366706737, 0.5440714784151224], [0.2502939906635783, 0.241428137639027, 0.3263045094106248, 0.37035047540596855, 0.42806936766444154, 0.5295575246778883, 0.4884759929862444, 0.5399782986261246, 0.5220821408563473, 0.5376165514286796], [0.3362213826482459, 0.3263045094106248, 0.331065335101934, 0.37566816204018944, 0.4305398247163946, 0.5327673583709233, 0.4884084178869998, 0.5405105557779499, 0.523000900917059, 0.5367005187895768], [0.3796354092452994, 0.37035047540596855, 0.37566816204018944, 0.392816110724284, 0.4401606313714412, 0.5360779211306591, 0.4956464519531597, 0.5432199168181944, 0.5268672204124356, 0.5399541834803572], [0.43679334611112663, 0.42806936766444154, 0.4305398247163946, 0.4401606313714412, 0.4453846609374843, 0.5392330632611506, 0.5000570869537013, 0.5490316539744641, 0.5334638926324445, 0.5456174717959099], [0.5395324753347966, 0.5295575246778883, 0.5327673583709233, 0.5360779211306591, 0.5392330632611506, 0.5369408457802979, 0.49706502553529514, 0.5465432036627592, 0.5327170127856261, 0.5427704906766952], [0.4966113459342744, 0.4884759929862444, 0.4884084178869998, 0.4956464519531597, 0.5000570869537013, 0.49706502553529514, 0.49271327934047177, 0.5418709789574544, 0.5294448299440991, 0.5392459480272462], [0.5489483852375107, 0.5399782986261246, 0.5405105557779499, 0.5432199168181944, 0.5490316539744641, 0.5465432036627592, 0.5418709789574544, 0.5383701971333232, 0.5262406421131736, 0.5347354489617263], [0.5279385366706737, 0.5220821408563473, 0.523000900917059, 0.5268672204124356, 0.5334638926324445, 0.5327170127856261, 0.5294448299440991, 0.5262406421131736, 0.5300614943756032, 0.5381740547246099], [0.5440714784151224, 0.5376165514286796, 0.5367005187895768, 0.5399541834803572, 0.5456174717959099, 0.5427704906766952, 0.5392459480272462, 0.5347354489617263, 0.5381740547246099, 0.5351257345497095]], "vgg.features.8": [[0.05522707272678254, 0.33114985841924044, 0.4938874096162265, 0.5426854357969226, 0.680863802251225, 0.8787676953646757, 0.818318960282116, 0.9212906195984141, 0.9044601256164767, 0.9331060072587822], [0.33114985841924044, 0.32499532013636656, 0.4809728940032245, 0.5300118596972841, 0.6669614997362915, 0.8631242289959061, 0.8056280720386481, 0.9058686876268557, 0.8949101778940842, 0.9238998758018424], [0.4938874096162265, 0.4809728940032245, 0.47769947910323435, 0.5290717794546991, 0.6648972047236421, 0.8688959692440108, 0.8069526759277807, 0.9105421011560132, 0.8967053853701293, 0.9270039131776987], [0.5426854357969226, 0.5300118596972841, 0.5290717794546991, 0.5150744182182698, 0.6461724838181532, 0.8434425357131214, 0.7882976460587787, 0.8877217397500076, 0.8783924919667244, 0.9090581407889455], [0.680863802251225, 0.6669614997362915, 0.6648972047236421, 0.6461724838181532, 0.6384296455345349, 0.8368275598671817, 0.7824957786301364, 0.881880887311358, 0.8734141958218652, 0.9038093128913339], [0.8787676953646757, 0.8631242289959061, 0.8688959692440108, 0.8434425357131214, 0.8368275598671817, 0.8328475208420942, 0.7792165758838733, 0.8807480080024696, 0.8727436431784276, 0.9009758558894654], [0.818318960282116, 0.8056280720386481, 0.8069526759277807, 0.7882976460587787, 0.7824957786301364, 0.7792165758838733, 0.7693162686231573, 0.8705732909228598, 0.8629333692925715, 0.8918466936355054], [0.9212906195984141, 0.9058686876268557, 0.9105421011560132, 0.8877217397500076, 0.881880887311358, 0.8807480080024696, 0.8705732909228598, 0.8605901475528268, 0.8524096104849412, 0.8819939240753086], [0.9044601256164767, 0.8949101778940842, 0.8967053853701293, 0.8783924919667244, 0.8734141958218652, 0.8727436431784276, 0.8629333692925715, 0.8524096104849412, 0.8570055576826503, 0.8853649875779084], [0.9331060072587822, 0.9238998758018424, 0.9270039131776987, 0.9090581407889455, 0.9038093128913339, 0.9009758558894654, 0.8918466936355054, 0.8819939240753086, 0.8853649875779084, 0.872241473457871]], "vgg.features.11": [[0.0704549592215151, 0.43294592188981446, 0.6823204511014378, 0.8753361850861789, 0.9953352091411308, 1.1923715182304604, 1.1959643617441067, 1.242956565934597, 1.2600395860175564, 1.2727182396697838], [0.43294592188981446, 0.4203831635316004, 0.6680456017570512, 0.8667556161953985, 0.9874106584446484, 1.1853912705477776, 1.1904465254956667, 1.236745256964186, 1.255777511090512, 1.2690571909283295], [0.6823204511014378, 0.6680456017570512, 0.6797382799421717, 0.873477568092708, 0.9952662915802005, 1.1933549574804152, 1.1888161547683904, 1.2376808581718435, 1.2498227094467724, 1.262070116938509], [0.8753361850861789, 0.8667556161953985, 0.873477568092708, 0.8619289004061772, 0.9744933536131025, 1.1716722265951345, 1.1763615766838214, 1.2269485766427264, 1.2436624266969072, 1.2593575121707101], [0.9953352091411308, 0.9874106584446484, 0.9952662915802005, 0.9744933536131025, 0.9620247003470437, 1.1564385849680558, 1.1576718218627122, 1.2111395405924297, 1.2275494242150526, 1.244244054029337], [1.1923715182304604, 1.1853912705477776, 1.1933549574804152, 1.1716722265951345, 1.1564385849680558, 1.1551533396975864, 1.160977468906105, 1.2175174408411238, 1.234505965923985, 1.246604853693878], [1.1959643617441067, 1.1904465254956667, 1.1888161547683904, 1.1763615766838214, 1.1576718218627122, 1.160977468906105, 1.1420824466107715, 1.1989832891662107, 1.2129300054995549, 1.2276057895834285], [1.242956565934597, 1.236745256964186, 1.2376808581718435, 1.2269485766427264, 1.2111395405924297, 1.2175174408411238, 1.1989832891662107, 1.1907334158490637, 1.2043697576041883, 1.2224830533976412], [1.2600395860175564, 1.255777511090512, 1.2498227094467724, 1.2436624266969072, 1.2275494242150526, 1.234505965923985, 1.2129300054995549, 1.2043697576041883, 1.205245408156661, 1.2238768585530095], [1.2727182396697838, 1.2690571909283295, 1.262070116938509, 1.2593575121707101, 1.244244054029337, 1.246604853693878, 1.2276057895834285, 1.2224830533976412, 1.2238768585530095, 1.2036979154416607]], "vgg.features.13": [[0.1208098179729284, 0.7691582569113877, 1.1425626711003254, 1.2122634919284503, 1.3031436712273128, 1.3056542972794214, 1.329113520074236, 1.3531241076587242, 1.3471520040895193, 1.3744281574767847], [0.7691582569113877, 0.7456587415223919, 1.1299642635027152, 1.1991692929931008, 1.2966739526546576, 1.2937695640446738, 1.3229404516326067, 1.3447922037264208, 1.3390366048864275, 1.3811512991502033], [1.1425626711003254, 1.1299642635027152, 1.1094871232558994, 1.185669130152752, 1.287267664050091, 1.3059945953212297, 1.3254914438975154, 1.3542559109978811, 1.3492773810473984, 1.3791653697764614], [1.2122634919284503, 1.1991692929931008, 1.185669130152752, 1.1588850090524707, 1.235536786320563, 1.2918863998417114, 1.3083268627820859, 1.3644008114072848, 1.3414950066492166, 1.3980831463445675], [1.3031436712273128, 1.2966739526546576, 1.287267664050091, 1.235536786320563, 1.2343675564131584, 1.2960725386424163, 1.3033301020331367, 1.3516178573372641, 1.338514928453581, 1.3842805800465499], [1.3056542972794214, 1.2937695640446738, 1.3059945953212297, 1.2918863998417114, 1.2960725386424163, 1.3029682636763498, 1.304740154060409, 1.3622930605226462, 1.3406947000763199, 1.381576662410233], [1.329113520074236, 1.3229404516326067, 1.3254914438975154, 1.3083268627820859, 1.3033301020331367, 1.304740154060409, 1.2938201599648111, 1.3540793480643811, 1.3309127504517184, 1.3738732882346991], [1.3531241076587242, 1.3447922037264208, 1.3542559109978811, 1.3644008114072848, 1.3516178573372641, 1.3622930605226462, 1.3540793480643811, 1.3540887012505196, 1.3286046516141274, 1.3824880840560563], [1.3471520040895193, 1.3390366048864275, 1.3492773810473984, 1.3414950066492166, 1.338514928453581, 1.3406947000763199, 1.3309127504517184, 1.3286046516141274, 1.339549139076272, 1.3932759396460548], [1.3744281574767847, 1.3811512991502033, 1.3791653697764614, 1.3980831463445675, 1.3842805800465499, 1.381576662410233, 1.3738732882346991, 1.3824880840560563, 1.3932759396460548, 1.3754135950100173]]}