{"vgg.features.3": [[0.03993289548538934, 0.3139571754980007, 0.4039874557014966, 0.45220947552812707, 0.5039177691315913, 0.5363953664470514, 0.5729223137991422, 0.5952273433532048, 0.6084611109156917, 0.6226280406987913], [0.3139571754980007, 0.3114095520211671, 0.4015014994694815, 0.4498398548456193, 0.501256749841331, 0.533790355689617, 0.5705115867614589, 0.5926430354182627, 0.6061841742539649, 0.6203741949387158], [0.4039874557014966, 0.4015014994694815, 0.39906656123626977, 0.44762617025943663, 0.49865777749886936, 0.5310740203320405, 0.5678243903676895, 0.5899866357115671, 0.6035432888442963, 0.6177412966271919], [0.45220947552812707, 0.4498398548456193, 0.44762617025943663, 0.4452166666812676, 0.4962188844254953, 0.5285905942927487, 0.565398234647296, 0.5874696894821003, 0.6010674400502007, 0.6151702876340807], [0.5039177691315913, 0.501256749841331, 0.49865777749886936, 0.4962188844254953, 0.4933924175048548, 0.5253051510588758, 0.5623506689329428, 0.5843495279322679, 0.5982713405715125, 0.6123496634446655], [0.5363953664470514, 0.533790355689617, 0.5310740203320405, 0.5285905942927487, 0.5253051510588758, 0.522618192657069, 0.559801581030218, 0.5817788554307683, 0.5962705569647703, 0.610130965099966], [0.5729223137991422, 0.5705115867614589, 0.5678243903676895, 0.565398234647296, 0.5623506689329428, 0.559801581030218, 0.5573442984316106, 0.5791884041026584, 0.5939070289152223, 0.6077161829636627], [0.5952273433532048, 0.5926430354182627, 0.5899866357115671, 0.5874696894821003, 0.5843495279322679, 0.5817788554307683, 0.5791884041026584, 0.5762698522453165, 0.5922210700006966, 0.6057066375163739], [0.6084611109156917, 0.6061841742539649, 0.6035432888442963, 0.6010674400502007, 0.5982713405715125, 0.5962705569647703, 0.5939070289152223, 0.5922210700006966, 0.5894571785890689, 0.6030408022358617], [0.6226280406987913, 0.6203741949387158, 0.6177412966271919, 0.6151702876340807, 0.6123496634446655, 0.610130965099966, 0.6077161829636627, 0.6057066375163739, 0.6030408022358617, 0.6012946391129292]], "vgg.features.6": [[0.05107122558125333, 0.34575003543835736, 0.4418543025491519, 0.49070572613864993, 0.5449685267430844, 0.5895717869230794, 0.6155156864467033, 0.6456773770513597, 0.644588780607628, 0.6570171566523528], [0.34575003543835736, 0.34149348426707576, 0.4377903982053533, 0.4870469554581081, 0.541073240529278, 0.5853052658275171, 0.6117272007771656, 0.6413003342991214, 0.6411618306395145, 0.6535538615312747], [0.4418543025491519, 0.4377903982053533, 0.43511548392544924, 0.484894604275626, 0.5383734520655015, 0.5824704125836812, 0.6086652531277611, 0.6381038131593626, 0.6383354219567547, 0.650582820286173], [0.49070572613864993, 0.4870469554581081, 0.484894604275626, 0.48287593113462224, 0.5355873615213784, 0.5790829825517898, 0.6056864320140178, 0.634342015229862, 0.6349890217997203, 0.6470507954745669], [0.5449685267430844, 0.541073240529278, 0.5383734520655015, 0.5355873615213784, 0.5335049154894981, 0.5758972847759478, 0.6029636581021413, 0.6313139485897374, 0.6328347851595141, 0.644714849772277], [0.5895717869230794, 0.5853052658275171, 0.5824704125836812, 0.5790829825517898, 0.5758972847759478, 0.5724284339441691, 0.5997619045686418, 0.6279193765404032, 0.6305070004935384, 0.6419258714033262], [0.6155156864467033, 0.6117272007771656, 0.6086652531277611, 0.6056864320140178, 0.6029636581021413, 0.5997619045686418, 0.5967741157855012, 0.6245015163571548, 0.6276023424294666, 0.6388341108819523], [0.6456773770513597, 0.6413003342991214, 0.6381038131593626, 0.634342015229862, 0.6313139485897374, 0.6279193765404032, 0.6245015163571548, 0.6201236706925303, 0.6251642411015809, 0.6357972830573256], [0.644588780607628, 0.6411618306395145, 0.6383354219567547, 0.6349890217997203, 0.6328347851595141, 0.6305070004935384, 0.6276023424294666, 0.6251642411015809, 0.623695419527342, 0.6343923002575754], [0.6570171566523528, 0.6535538615312747, 0.650582820286173, 0.6470507954745669, 0.644714849772277, 0.6419258714033262, 0.6388341108819523, 0.6357972830573256, 0.6343923002575754, 0.6324356883498679]], "vgg.features.8": [[0.07958987710436734, 0.4080618078163158, 0.5179013083792501, 0.577077606364192, 0.6436927927051228, 0.7115771080130758, 0.7359492110393797, 0.7798683693984756, 0.78176517408199, 0.8042584220432331], [0.4080618078163158, 0.4034082846186712, 0.5135390208578942, 0.57335066001383, 0.6393991935277028, 0.7068354145691497, 0.731938595702079, 0.7752895832234934, 0.7781155120151741, 0.8005894292431599], [0.5179013083792501, 0.5135390208578942, 0.5114051657419952, 0.5712951496444612, 0.6370530113859825, 0.7047438507103494, 0.7296627876058911, 0.7728154878890845, 0.7759557250146268, 0.7983660763442605], [0.577077606364192, 0.57335066001383, 0.5712951496444612, 0.5735061221402615, 0.6366247129205655, 0.7021350822613475, 0.7279962661864284, 0.7698231202765231, 0.773510104978778, 0.7953389185421448], [0.6436927927051228, 0.6393991935277028, 0.6370530113859825, 0.6366247129205655, 0.6363879547756847, 0.7002005262819812, 0.7267844928721413, 0.7683279287370011, 0.7727566629679928, 0.7942952001022419], [0.7115771080130758, 0.7068354145691497, 0.7047438507103494, 0.7021350822613475, 0.7002005262819812, 0.6971125614862317, 0.7233113277393464, 0.7647216728405748, 0.7703382663144485, 0.7909919727353981], [0.7359492110393797, 0.731938595702079, 0.7296627876058911, 0.7279962661864284, 0.7267844928721413, 0.7233113277393464, 0.7192220925442734, 0.7602246036306171, 0.7667403893349691, 0.7871958988108092], [0.7798683693984756, 0.7752895832234934, 0.7728154878890845, 0.7698231202765231, 0.7683279287370011, 0.7647216728405748, 0.7602246036306171, 0.7559592190016651, 0.7643054996742457, 0.7840291562913461], [0.78176517408199, 0.7781155120151741, 0.7759557250146268, 0.773510104978778, 0.7727566629679928, 0.7703382663144485, 0.7667403893349691, 0.7643054996742457, 0.7634705418961549, 0.7832024461647759], [0.8042584220432331, 0.8005894292431599, 0.7983660763442605, 0.7953389185421448, 0.7942952001022419, 0.7909919727353981, 0.7871958988108092, 0.7840291562913461, 0.7832024461647759, 0.7806046920610743]], "vgg.features.11": [[0.09281703039904478, 0.4467669161944732, 0.5912221573510984, 0.6735732419355112, 0.7708872716534134, 0.882994350605257, 0.9002076907035436, 0.9714443269603291, 0.9651546448166198, 1.0029838907792334], [0.4467669161944732, 0.4402729489768993, 0.583500168575713, 0.6669822155451204, 0.7643937782653694, 0.8762232201384096, 0.8944007067675098, 0.9651199170651725, 0.9598963627380497, 0.9978393763810535], [0.5912221573510984, 0.583500168575713, 0.5826371492304283, 0.6664740873395323, 0.7636142340605743, 0.8758303825726911, 0.8932670793576252, 0.9636654585698733, 0.958519045623471, 0.9965285577189835], [0.6735732419355112, 0.6669822155451204, 0.6664740873395323, 0.6630832339346155, 0.7581748907123586, 0.8683927930325483, 0.8878224809610595, 0.9574951140549899, 0.9527060571188776, 0.9908736369546557], [0.7708872716534134, 0.7643937782653694, 0.7636142340605743, 0.7581748907123586, 0.7534110576561697, 0.8624547885728099, 0.8822455166478119, 0.9520772417116027, 0.9479657297353801, 0.9855378795236452], [0.882994350605257, 0.8762232201384096, 0.8758303825726911, 0.8683927930325483, 0.8624547885728099, 0.858357035496645, 0.8789244472007305, 0.948536466165873, 0.9461110362191051, 0.982976670621661], [0.9002076907035436, 0.8944007067675098, 0.8932670793576252, 0.8878224809610595, 0.8822455166478119, 0.8789244472007305, 0.8731707061399586, 0.9427708558590069, 0.9406046599563372, 0.9779286883385807], [0.9714443269603291, 0.9651199170651725, 0.9636654585698733, 0.9574951140549899, 0.9520772417116027, 0.948536466165873, 0.9427708558590069, 0.9349920737247204, 0.934902063091238, 0.9720206964095149], [0.9651546448166198, 0.9598963627380497, 0.958519045623471, 0.9527060571188776, 0.9479657297353801, 0.9461110362191051, 0.9406046599563372, 0.934902063091238, 0.9342226046466506, 0.9710283281343182], [1.0029838907792334, 0.9978393763810535, 0.9965285577189835, 0.9908736369546557, 0.9855378795236452, 0.982976670621661, 0.9779286883385807, 0.9720206964095149, 0.9710283281343182, 0.9659567033388222]], "vgg.features.13": [[0.13775007598691597, 0.6051023113839124, 0.7983043241219826, 0.9377881707376818, 1.0528829084785247, 1.1656585696762272, 1.1976050006480232, 1.2568288545861563, 1.2567996197655824, 1.2869729416468816], [0.6051023113839124, 0.59649596321002, 0.7901787839586275, 0.9317362504225121, 1.047976240180407, 1.1617723696622981, 1.1946568876423198, 1.2536713264070627, 1.2541042771635673, 1.2848173186398035], [0.7983043241219826, 0.7901787839586275, 0.7912098133173838, 0.9333995946542832, 1.0503056120599294, 1.1649315965622593, 1.1964122366521377, 1.2553249530884425, 1.2550647105948185, 1.284780725102949], [0.9377881707376818, 0.9317362504225121, 0.9333995946542832, 0.9306893081048141, 1.045891438338142, 1.1608413193472096, 1.1943186573195756, 1.2522599824841258, 1.2526946402193548, 1.2826498221279672], [1.0528829084785247, 1.047976240180407, 1.0503056120599294, 1.045891438338142, 1.0429204640278598, 1.156456524078642, 1.1897201178933385, 1.2484246160699923, 1.2487998211689944, 1.278755619528286], [1.1656585696762272, 1.1617723696622981, 1.1649315965622593, 1.1608413193472096, 1.156456524078642, 1.1538724170917638, 1.186651904005727, 1.2462178954525502, 1.247304816263516, 1.277135739856214], [1.1976050006480232, 1.1946568876423198, 1.1964122366521377, 1.1943186573195756, 1.1897201178933385, 1.186651904005727, 1.1818174282453469, 1.2421220681370913, 1.2427665847360856, 1.2731715238968235], [1.2568288545861563, 1.2536713264070627, 1.2553249530884425, 1.2522599824841258, 1.2484246160699923, 1.2462178954525502, 1.2421220681370913, 1.2383649172525422, 1.239505833614098, 1.2705933516486665], [1.2567996197655824, 1.2541042771635673, 1.2550647105948185, 1.2526946402193548, 1.2487998211689944, 1.247304816263516, 1.2427665847360856, 1.239505833614098, 1.2393191264833838, 1.2705115505367464], [1.2869729416468816, 1.2848173186398035, 1.284780725102949, 1.2826498221279672, 1.278755619528286, 1.277135739856214, 1.2731715238968235, 1.2705933516486665, 1.2705115505367464, 1.2668282202778545]]}