{"vgg.features.3": [[0.03539297618902203, 0.24304947229225898, 0.33481988214974995, 0.3596547023553923, 0.40941046740150655, 0.4473663786250571, 0.47584085975532237, 0.4985146817851025, 0.5029079623413568, 0.51183966780892], [0.24304947229225898, 0.2372653036422454, 0.3301025760932423, 0.3559131486959608, 0.40600757569153406, 0.443018294743879, 0.4717830579127925, 0.49383132918911593, 0.49926215398317075, 0.5080595894083405], [0.33481988214974995, 0.3301025760932423, 0.32611795216463363, 0.35226227753265, 0.402280310965236, 0.4388011845338087, 0.4671445416570663, 0.4888269404583051, 0.4943700131224841, 0.5027641183723575], [0.3596547023553923, 0.3559131486959608, 0.35226227753265, 0.34900974302655163, 0.39955225098975555, 0.43439517070056577, 0.4631913404633042, 0.484397573977073, 0.49045763651430835, 0.4982843782591375], [0.40941046740150655, 0.40600757569153406, 0.402280310965236, 0.39955225098975555, 0.3959621362132825, 0.4293497927418377, 0.4585178703746334, 0.47953323368569245, 0.48593320752642466, 0.49355725579369925], [0.4473663786250571, 0.443018294743879, 0.4388011845338087, 0.43439517070056577, 0.4293497927418377, 0.42319644557932057, 0.45266473330929596, 0.47345262659936627, 0.4814376539372386, 0.48823613871398874], [0.47584085975532237, 0.4717830579127925, 0.4671445416570663, 0.4631913404633042, 0.4585178703746334, 0.45266473330929596, 0.44985150637550847, 0.4702229981257512, 0.47829681791162826, 0.48482963958024494], [0.4985146817851025, 0.49383132918911593, 0.4888269404583051, 0.484397573977073, 0.47953323368569245, 0.47345262659936627, 0.4702229981257512, 0.4663222102838258, 0.47722876768332645, 0.48245844218912126], [0.5029079623413568, 0.49926215398317075, 0.4943700131224841, 0.49045763651430835, 0.48593320752642466, 0.4814376539372386, 0.47829681791162826, 0.47722876768332645, 0.4756078982085982, 0.4804792209794602], [0.51183966780892, 0.5080595894083405, 0.5027641183723575, 0.4982843782591375, 0.49355725579369925, 0.48823613871398874, 0.48482963958024494, 0.48245844218912126, 0.4804792209794602, 0.4752724567558901]], "vgg.features.6": [[0.0506609201766294, 0.25054750298787803, 0.3354228448544529, 0.38040461227085604, 0.4386639567005021, 0.5414198512920507, 0.5007174070389084, 0.5502918660829691, 0.5284329090185267, 0.5452542997990932], [0.25054750298787803, 0.24184560782270162, 0.32587134527379535, 0.3714910211029356, 0.4300967478060407, 0.5318892735083506, 0.4926996701735189, 0.5414021553832911, 0.5224146783865027, 0.5386256553724817], [0.3354228448544529, 0.32587134527379535, 0.3301273997308233, 0.3762584152065454, 0.43218408747670106, 0.5347362676846937, 0.49248238081738815, 0.5417327399941974, 0.5231335838194011, 0.5375206343895783], [0.38040461227085604, 0.3714910211029356, 0.3762584152065454, 0.39195319902890935, 0.4402466553506249, 0.5365259819533206, 0.49787839771903053, 0.5430611101373113, 0.5256221779735588, 0.5393636392663363], [0.4386639567005021, 0.4300967478060407, 0.43218408747670106, 0.4402466553506249, 0.44480902784721044, 0.5391873259050977, 0.501486175596506, 0.5480828154958767, 0.5314686160825784, 0.5441322748224359], [0.5414198512920507, 0.5318892735083506, 0.5347362676846937, 0.5365259819533206, 0.5391873259050977, 0.5358736678230683, 0.49737355592184274, 0.5445510053564125, 0.5300952105477195, 0.5405453046800921], [0.5007174070389084, 0.4926996701735189, 0.49248238081738815, 0.49787839771903053, 0.501486175596506, 0.49737355592184274, 0.49327611949214256, 0.540026989713282, 0.527319507436845, 0.5376279580109241], [0.5502918660829691, 0.5414021553832911, 0.5417327399941974, 0.5430611101373113, 0.5480828154958767, 0.5445510053564125, 0.540026989713282, 0.5361859719046622, 0.5241416689889479, 0.532961893686495], [0.5284329090185267, 0.5224146783865027, 0.5231335838194011, 0.5256221779735588, 0.5314686160825784, 0.5300952105477195, 0.527319507436845, 0.5241416689889479, 0.5272727190785357, 0.5359067032622545], [0.5452542997990932, 0.5386256553724817, 0.5375206343895783, 0.5393636392663363, 0.5441322748224359, 0.5405453046800921, 0.5376279580109241, 0.532961893686495, 0.5359067032622545, 0.533332365859783]], "vgg.features.8": [[0.054320148654602086, 0.33380097243550877, 0.49232843528736747, 0.5469854872018651, 0.6821505787825954, 0.8711585157783468, 0.8176393308058316, 0.9157678565562773, 0.8964697749368606, 0.9241107270949931], [0.33380097243550877, 0.3270135301264971, 0.47963192694884915, 0.534788195800711, 0.6686532947948026, 0.8563332886905883, 0.8053926070678487, 0.9011060933886502, 0.886929507579331, 0.9149544399405861], [0.49232843528736747, 0.47963192694884915, 0.4764851852354247, 0.5340179294365367, 0.6669852987816961, 0.86242849586818, 0.807666598827145, 0.9064239699329283, 0.8893738218161036, 0.9185372877008301], [0.5469854872018651, 0.534788195800711, 0.5340179294365367, 0.5197997345931639, 0.6474468787328241, 0.8364412979603688, 0.7880056968247803, 0.8831474714334404, 0.8701549627541656, 0.9001217183634078], [0.6821505787825954, 0.6686532947948026, 0.6669852987816961, 0.6474468787328241, 0.6399308084295521, 0.8304309500493423, 0.7825571523537989, 0.8776916343771906, 0.8654159574789586, 0.8947341370215898], [0.8711585157783468, 0.8563332886905883, 0.86242849586818, 0.8364412979603688, 0.8304309500493423, 0.8242531934650474, 0.7769047385634971, 0.8741959666832948, 0.8629048121801437, 0.8898664142081597], [0.8176393308058316, 0.8053926070678487, 0.807666598827145, 0.7880056968247803, 0.7825571523537989, 0.7769047385634971, 0.7673608140794387, 0.8642296298005809, 0.853679506190083, 0.8815874367575577], [0.9157678565562773, 0.9011060933886502, 0.9064239699329283, 0.8831474714334404, 0.8776916343771906, 0.8741959666832948, 0.8642296298005809, 0.8533757898311646, 0.8427047927585343, 0.870921031862294], [0.8964697749368606, 0.886929507579331, 0.8893738218161036, 0.8701549627541656, 0.8654159574789586, 0.8629048121801437, 0.853679506190083, 0.8427047927585343, 0.8454989058924727, 0.8727101873417538], [0.9241107270949931, 0.9149544399405861, 0.9185372877008301, 0.9001217183634078, 0.8947341370215898, 0.8898664142081597, 0.8815874367575577, 0.870921031862294, 0.8727101873417538, 0.8615788048560281]], "vgg.features.11": [[0.07021493586318574, 0.4363006499950328, 0.6801407027482794, 0.870535175064154, 0.9920881125678466, 1.1810893454530074, 1.1861700023873396, 1.2329211798324218, 1.2510263659062653, 1.2678346153657711], [0.4363006499950328, 0.422531369770476, 0.6656954515484476, 0.861552885123068, 0.9839780421263512, 1.1739941418773354, 1.1804114806458947, 1.2269108116388951, 1.2464315823640757, 1.2638516736952439], [0.6801407027482794, 0.6656954515484476, 0.6767791268375029, 0.8676253978040025, 0.9908898116128344, 1.1809362084085302, 1.1780778970739663, 1.227200794523541, 1.2393558763367112, 1.255473984551907], [0.870535175064154, 0.861552885123068, 0.8676253978040025, 0.8546535451353721, 0.9690459059868217, 1.1589889489261984, 1.1660218577507049, 1.2175248735971762, 1.2332736517196317, 1.2534726139116144], [0.9920881125678466, 0.9839780421263512, 0.9908898116128344, 0.9690459059868217, 0.9553715261131454, 1.142895460570654, 1.1463216145630057, 1.2009419710514173, 1.2160630869234732, 1.2370517744484233], [1.1810893454530074, 1.1739941418773354, 1.1809362084085302, 1.1589889489261984, 1.142895460570654, 1.1400191344480297, 1.1480441879255172, 1.2060532319700386, 1.2220975730030639, 1.2385582432734965], [1.1861700023873396, 1.1804114806458947, 1.1780778970739663, 1.1660218577507049, 1.1463216145630057, 1.1480441879255172, 1.130120914857089, 1.1881977925596943, 1.200992377326815, 1.2198025956453649], [1.2329211798324218, 1.2269108116388951, 1.227200794523541, 1.2175248735971762, 1.2009419710514173, 1.2060532319700386, 1.1881977925596943, 1.1791155773146058, 1.1918717633057305, 1.2137290300270032], [1.2510263659062653, 1.2464315823640757, 1.2393558763367112, 1.2332736517196317, 1.2160630869234732, 1.2220975730030639, 1.200992377326815, 1.1918717633057305, 1.1909299419562358, 1.213454857487478], [1.2678346153657711, 1.2638516736952439, 1.255473984551907, 1.2534726139116144, 1.2370517744484233, 1.2385582432734965, 1.2198025956453649, 1.2137290300270032, 1.213454857487478, 1.195585306846212]], "vgg.features.13": [[0.11915455540585461, 0.7579348284508761, 1.1349174493977625, 1.2011383805618419, 1.3072676247348656, 1.3036237429137445, 1.32797344611091, 1.3598024926390895, 1.3452569793743834, 1.3765271860050656], [0.7579348284508761, 0.7333656098882353, 1.1196285392265073, 1.1866249662868318, 1.2981442568193469, 1.2925648374267782, 1.3224018805675335, 1.352872716783117, 1.3384164686093474, 1.3817772318816635], [1.1349174493977625, 1.1196285392265073, 1.099357578986862, 1.1722881162115941, 1.2887260034344996, 1.3047026235555188, 1.3262020275743138, 1.3600385405677045, 1.3486810133712477, 1.3814654659251142], [1.2011383805618419, 1.1866249662868318, 1.1722881162115941, 1.1450041057815363, 1.2358485761955187, 1.2934172933922337, 1.315272425673772, 1.3709054175051345, 1.345029650821979, 1.398152423954623], [1.3072676247348656, 1.2981442568193469, 1.2887260034344996, 1.2358485761955187, 1.2355778763564154, 1.297855338485144, 1.3092680415565654, 1.357503744246102, 1.3403776853723144, 1.3853754107797522], [1.3036237429137445, 1.2925648374267782, 1.3047026235555188, 1.2934172933922337, 1.297855338485144, 1.3028872630836705, 1.3108590492459296, 1.3684776526675864, 1.3432330324792696, 1.3833125022351977], [1.32797344611091, 1.3224018805675335, 1.3262020275743138, 1.315272425673772, 1.3092680415565654, 1.3108590492459296, 1.3007487320723468, 1.362036958914714, 1.3339296096648372, 1.3776607271129901], [1.3598024926390895, 1.352872716783117, 1.3600385405677045, 1.3709054175051345, 1.357503744246102, 1.3684776526675864, 1.362036958914714, 1.3621829388375104, 1.331414873090507, 1.3855273374031054], [1.3452569793743834, 1.3384164686093474, 1.3486810133712477, 1.345029650821979, 1.3403776853723144, 1.3432330324792696, 1.3339296096648372, 1.331414873090507, 1.3400099965352814, 1.3950223834689979], [1.3765271860050656, 1.3817772318816635, 1.3814654659251142, 1.398152423954623, 1.3853754107797522, 1.3833125022351977, 1.3776607271129901, 1.3855273374031054, 1.3950223834689979, 1.3795567154592538]]}