{"vgg.features.3": [[0.03545172955982527, 0.24681668201133458, 0.33616022730735506, 0.35870576466421805, 0.4083542257981261, 0.444321199833551, 0.47222618056740573, 0.497001608430618, 0.5019275630448921, 0.5127672834415832], [0.24681668201133458, 0.24109256067317578, 0.3313973013277743, 0.3548686187892739, 0.4049768717371379, 0.4398824263666681, 0.46800491344332396, 0.4922247682220048, 0.4982376140134036, 0.5089248811339783], [0.33616022730735506, 0.3313973013277743, 0.3273533280010045, 0.3512038795877606, 0.4011546450498642, 0.4354895673501144, 0.46324502345083945, 0.48709317919218803, 0.49331149845127215, 0.503588803967282], [0.35870576466421805, 0.3548686187892739, 0.3512038795877606, 0.3480975751754246, 0.3986112796109086, 0.4312524520253246, 0.45947433775291163, 0.48275464688178527, 0.4895719601138088, 0.4992892264548818], [0.4083542257981261, 0.4049768717371379, 0.4011546450498642, 0.3986112796109086, 0.3949060617015409, 0.4261945458808191, 0.4547854358574572, 0.4778782299640463, 0.4850875538259954, 0.49452014894559887], [0.444321199833551, 0.4398824263666681, 0.4354895673501144, 0.4312524520253246, 0.4261945458808191, 0.42063124796102014, 0.4495164210040414, 0.4724923522417234, 0.48119986934039555, 0.4897554757091408], [0.47222618056740573, 0.46800491344332396, 0.46324502345083945, 0.45947433775291163, 0.4547854358574572, 0.4495164210040414, 0.4467042895613195, 0.46931609540829083, 0.47812483485913915, 0.48643691615508694], [0.497001608430618, 0.4922247682220048, 0.48709317919218803, 0.48275464688178527, 0.4778782299640463, 0.4724923522417234, 0.46931609540829083, 0.4660925127086763, 0.47762652849225756, 0.48458330200231614], [0.5019275630448921, 0.4982376140134036, 0.49331149845127215, 0.4895719601138088, 0.4850875538259954, 0.48119986934039555, 0.47812483485913915, 0.47762652849225756, 0.47582710473212847, 0.4823755021870495], [0.5127672834415832, 0.5089248811339783, 0.503588803967282, 0.4992892264548818, 0.49452014894559887, 0.4897554757091408, 0.48643691615508694, 0.48458330200231614, 0.4823755021870495, 0.4774943258702958]], "vgg.features.6": [[0.0517328446759125, 0.25581844057937014, 0.3406857715022564, 0.3842813622464983, 0.441303008441442, 0.5372243749211326, 0.5015818293690628, 0.5508899682374504, 0.5265410816127076, 0.5436191831772491], [0.25581844057937014, 0.24667795838524423, 0.33070111496994603, 0.3750301553805418, 0.43250474466713135, 0.5272411080957482, 0.49339793081043865, 0.5417068385476347, 0.5203938753476391, 0.5368075606075384], [0.3406857715022564, 0.33070111496994603, 0.3346998644202256, 0.37964807189650007, 0.4343332881307604, 0.5300581275331511, 0.4930459586002212, 0.5420464366954858, 0.5212221464223724, 0.5358915791711557], [0.3842813622464983, 0.3750301553805418, 0.37964807189650007, 0.39628578356080907, 0.44384936650891227, 0.5339142817421009, 0.5004852629331804, 0.5451237238258597, 0.525471840692942, 0.539657103937652], [0.441303008441442, 0.43250474466713135, 0.4343332881307604, 0.44384936650891227, 0.4482566028925571, 0.5367998468427526, 0.5042760664444844, 0.5504719758013588, 0.5317142306965967, 0.5449293006483317], [0.5372243749211326, 0.5272411080957482, 0.5300581275331511, 0.5339142817421009, 0.5367998468427526, 0.5351965752879346, 0.5019687826599661, 0.5486575511208054, 0.531784352112219, 0.542749856702897], [0.5015818293690628, 0.49339793081043865, 0.4930459586002212, 0.5004852629331804, 0.5042760664444844, 0.5019687826599661, 0.4975817010008059, 0.5439537354348419, 0.5285550598426701, 0.5394244640115314], [0.5508899682374504, 0.5417068385476347, 0.5420464366954858, 0.5451237238258597, 0.5504719758013588, 0.5486575511208054, 0.5439537354348419, 0.540855765170444, 0.5261509585854062, 0.5355408422239586], [0.5265410816127076, 0.5203938753476391, 0.5212221464223724, 0.525471840692942, 0.5317142306965967, 0.531784352112219, 0.5285550598426701, 0.5261509585854062, 0.5291384987814103, 0.5381996007180553], [0.5436191831772491, 0.5368075606075384, 0.5358915791711557, 0.539657103937652, 0.5449293006483317, 0.542749856702897, 0.5394244640115314, 0.5355408422239586, 0.5381996007180553, 0.5353957099283077]], "vgg.features.8": [[0.05553220098993376, 0.33153209093857433, 0.494509010543074, 0.5433153365157761, 0.6787350912330359, 0.8630590899182344, 0.810403416788663, 0.9082356895061975, 0.8884036219436133, 0.9186793829969151], [0.33153209093857433, 0.3241009798678477, 0.48106731219151105, 0.530437211607154, 0.6646626403408612, 0.8470417799578479, 0.7974588200420962, 0.8923498958130677, 0.8780851509125247, 0.9086351079474593], [0.494509010543074, 0.48106731219151105, 0.47721825204678586, 0.52869352204716, 0.6615641353967495, 0.8521192430226849, 0.7982564911939259, 0.8966079923114901, 0.8799942657069624, 0.9117845513860293], [0.5433153365157761, 0.530437211607154, 0.52869352204716, 0.5167578673519895, 0.6445776879869896, 0.8280824953060525, 0.7811778305664269, 0.8752510038995025, 0.8628161314889438, 0.8952170428246499], [0.6787350912330359, 0.6646626403408612, 0.6615641353967495, 0.6445776879869896, 0.6366373826968336, 0.8221525592488994, 0.7759229763666433, 0.8700923182812038, 0.8586646078891118, 0.8907161347189053], [0.8630590899182344, 0.8470417799578479, 0.8521192430226849, 0.8280824953060525, 0.8221525592488994, 0.8188409331477766, 0.7731236914302637, 0.8692855062426331, 0.8584352630643034, 0.8879807275910239], [0.810403416788663, 0.7974588200420962, 0.7982564911939259, 0.7811778305664269, 0.7759229763666433, 0.7731236914302637, 0.763230028121294, 0.8591094200213981, 0.8487667609661493, 0.879359473623061], [0.9082356895061975, 0.8923498958130677, 0.8966079923114901, 0.8752510038995025, 0.8700923182812038, 0.8692855062426331, 0.8591094200213981, 0.8505413833692183, 0.840126482400191, 0.8710932573466358], [0.8884036219436133, 0.8780851509125247, 0.8799942657069624, 0.8628161314889438, 0.8586646078891118, 0.8584352630643034, 0.8487667609661493, 0.840126482400191, 0.8441104705994575, 0.8739667300099497], [0.9186793829969151, 0.9086351079474593, 0.9117845513860293, 0.8952170428246499, 0.8907161347189053, 0.8879807275910239, 0.879359473623061, 0.8710932573466358, 0.8739667300099497, 0.8622122993281831]], "vgg.features.11": [[0.07102011849963905, 0.429246365051917, 0.6734666426100154, 0.8662115178821214, 0.982922173369319, 1.180906644269635, 1.1877151238733803, 1.2445641624239856, 1.2581039449819753, 1.2733815547602783], [0.429246365051917, 0.41588634851881134, 0.6585289117296772, 0.8570529051351298, 0.973990533838739, 1.172644637404555, 1.1811161510543018, 1.2375921164460153, 1.2529732521596912, 1.269222086698454], [0.6734666426100154, 0.6585289117296772, 0.6682644234140945, 0.8620938775623633, 0.9798814966722225, 1.1803970257963317, 1.1794346420041035, 1.2387067139614716, 1.2479463591391045, 1.2634357845953965], [0.8662115178821214, 0.8570529051351298, 0.8620938775623633, 0.8532225207278116, 0.9608900790244677, 1.159605223866667, 1.1676427639881313, 1.2278306335993554, 1.240908801781419, 1.2611328984692038], [0.982922173369319, 0.973990533838739, 0.9798814966722225, 0.9608900790244677, 0.9495876171857001, 1.1461821297228338, 1.1496309208311781, 1.2113507744609946, 1.2252164478894878, 1.2469059917324066], [1.180906644269635, 1.172644637404555, 1.1803970257963317, 1.159605223866667, 1.1461821297228338, 1.1446228294884686, 1.1521914987802881, 1.217435630302144, 1.2322123359281287, 1.2490559403508634], [1.1877151238733803, 1.1811161510543018, 1.1794346420041035, 1.1676427639881313, 1.1496309208311781, 1.1521914987802881, 1.1335061562708104, 1.1981161991184883, 1.2105015990232917, 1.2303431890154863], [1.2445641624239856, 1.2375921164460153, 1.2387067139614716, 1.2278306335993554, 1.2113507744609946, 1.217435630302144, 1.1981161991184883, 1.189643532180279, 1.2022639977142606, 1.2258909435508554], [1.2581039449819753, 1.2529732521596912, 1.2479463591391045, 1.240908801781419, 1.2252164478894878, 1.2322123359281287, 1.2105015990232917, 1.2022639977142606, 1.203392600283144, 1.227939943243051], [1.2733815547602783, 1.269222086698454, 1.2634357845953965, 1.2611328984692038, 1.2469059917324066, 1.2490559403508634, 1.2303431890154863, 1.2258909435508554, 1.227939943243051, 1.2080316637076758]], "vgg.features.13": [[0.1205284360584499, 0.754256734651068, 1.124717801370056, 1.2027009049078328, 1.2841299714532899, 1.3019197432808853, 1.3242087123206763, 1.3496276176045252, 1.3439374591577136, 1.3684870722957445], [0.754256734651068, 0.7306202064010877, 1.1055705648961283, 1.1889476155681789, 1.2745531632522722, 1.288444142306052, 1.317493445918171, 1.340644193112584, 1.334983689110664, 1.3747221135491123], [1.124717801370056, 1.1055705648961283, 1.0820013307404759, 1.172145918054278, 1.2599811783396615, 1.3028008054734608, 1.3218718895162909, 1.348039973986182, 1.343670236827115, 1.3714955129936763], [1.2027009049078328, 1.1889476155681789, 1.172145918054278, 1.1500723286048282, 1.211729274687339, 1.2904658100553492, 1.307812484603898, 1.3602509632525492, 1.3379330566666814, 1.386911631572748], [1.2841299714532899, 1.2745531632522722, 1.2599811783396615, 1.211729274687339, 1.2118828194326008, 1.297476429549364, 1.3043321884871955, 1.3504634516385254, 1.3364050159879166, 1.3736620986285675], [1.3019197432808853, 1.288444142306052, 1.3028008054734608, 1.2904658100553492, 1.297476429549364, 1.3039422747110672, 1.3058525993890924, 1.357929044639038, 1.3387785276814312, 1.3699997392757817], [1.3242087123206763, 1.317493445918171, 1.3218718895162909, 1.307812484603898, 1.3043321884871955, 1.3058525993890924, 1.2947375450159122, 1.3502926708994487, 1.3287963766180153, 1.362339038872653], [1.3496276176045252, 1.340644193112584, 1.348039973986182, 1.3602509632525492, 1.3504634516385254, 1.357929044639038, 1.3502926708994487, 1.3480277576085444, 1.3245848113266199, 1.3694216243934336], [1.3439374591577136, 1.334983689110664, 1.343670236827115, 1.3379330566666814, 1.3364050159879166, 1.3387785276814312, 1.3287963766180153, 1.3245848113266199, 1.334596197551121, 1.3788702553344783], [1.3684870722957445, 1.3747221135491123, 1.3714955129936763, 1.386911631572748, 1.3736620986285675, 1.3699997392757817, 1.362339038872653, 1.3694216243934336, 1.3788702553344783, 1.3613170132305246]]}