{"vgg.features.3": [[0.03519763464883619, 0.2502319884193859, 0.340394276316686, 0.3668754260933281, 0.4166689671263993, 0.45553059304936344, 0.4802356871750963, 0.5017815384074479, 0.5087835559424345, 0.5187310658354287], [0.2502319884193859, 0.24425538277513065, 0.3356178618427167, 0.3630002642408256, 0.4133604113215763, 0.4511662314454062, 0.4761993834777901, 0.49720163242208565, 0.505153974211921, 0.5150898814041243], [0.340394276316686, 0.3356178618427167, 0.33240391534864816, 0.36011616326693785, 0.4100276212984605, 0.44735334450041875, 0.47192837119707337, 0.49252203141073153, 0.5006908050522282, 0.5102052838774749], [0.3668754260933281, 0.3630002642408256, 0.36011616326693785, 0.3567984844797149, 0.4071674995337579, 0.4428000511028102, 0.46794539107100286, 0.4878755501729202, 0.4967547945694459, 0.505765759990281], [0.4166689671263993, 0.4133604113215763, 0.4100276212984605, 0.4071674995337579, 0.40392735389017154, 0.43836681262439803, 0.4637217404669207, 0.4832391642740034, 0.49242586478768147, 0.5011431754210174], [0.45553059304936344, 0.4511662314454062, 0.44735334450041875, 0.4428000511028102, 0.43836681262439803, 0.43230489424513996, 0.4578414338263084, 0.4769878692305762, 0.4874496364121503, 0.4955450052172554], [0.4802356871750963, 0.4761993834777901, 0.47192837119707337, 0.46794539107100286, 0.4637217404669207, 0.4578414338263084, 0.45458827873708224, 0.47315101211974453, 0.4838756240307244, 0.4916810281260234], [0.5017815384074479, 0.49720163242208565, 0.49252203141073153, 0.4878755501729202, 0.4832391642740034, 0.4769878692305762, 0.47315101211974453, 0.46907460868897444, 0.4820243955053641, 0.48881304770856254], [0.5087835559424345, 0.505153974211921, 0.5006908050522282, 0.4967547945694459, 0.49242586478768147, 0.4874496364121503, 0.4838756240307244, 0.4820243955053641, 0.48075283619745607, 0.48720816887547685], [0.5187310658354287, 0.5150898814041243, 0.5102052838774749, 0.505765759990281, 0.5011431754210174, 0.4955450052172554, 0.4916810281260234, 0.48881304770856254, 0.48720816887547685, 0.4820274386224246]], "vgg.features.6": [[0.050092323182449564, 0.25292491291476993, 0.33581982828422474, 0.38653471952489005, 0.44110811761313945, 0.5378197138694394, 0.49566203323699076, 0.5464773231126284, 0.530210618611969, 0.5427693542049056], [0.25292491291476993, 0.24410208995282476, 0.3259983632065274, 0.3774472419056072, 0.4323228768364638, 0.5279774062831533, 0.48770025420168445, 0.5377527227897996, 0.5241146517487324, 0.536262482286379], [0.33581982828422474, 0.3259983632065274, 0.3315320862632522, 0.3832954939985379, 0.4352190518514154, 0.5316016738214157, 0.4880692682725054, 0.5384790966373431, 0.524948475955221, 0.5351046345399499], [0.38653471952489005, 0.3774472419056072, 0.3832954939985379, 0.3997300002540071, 0.44406242925421446, 0.5345374502735213, 0.4948743541796691, 0.5406157272318803, 0.528070365217169, 0.537729790996504], [0.44110811761313945, 0.4323228768364638, 0.4352190518514154, 0.44406242925421446, 0.44933141938419835, 0.5384405605926188, 0.4996621391763701, 0.5463072189997877, 0.5343844151540589, 0.5428664704113044], [0.5378197138694394, 0.5279774062831533, 0.5316016738214157, 0.5345374502735213, 0.5384405605926188, 0.5368960874796478, 0.49720803088813703, 0.5443796020498419, 0.5340615575364968, 0.5406716619433912], [0.49566203323699076, 0.48770025420168445, 0.4880692682725054, 0.4948743541796691, 0.4996621391763701, 0.49720803088813703, 0.494149317942481, 0.5409299020809477, 0.5323499038695552, 0.5386696068678379], [0.5464773231126284, 0.5377527227897996, 0.5384790966373431, 0.5406157272318803, 0.5463072189997877, 0.5443796020498419, 0.5409299020809477, 0.537495642519912, 0.5291763667114975, 0.534483454038768], [0.530210618611969, 0.5241146517487324, 0.524948475955221, 0.528070365217169, 0.5343844151540589, 0.5340615575364968, 0.5323499038695552, 0.5291763667114975, 0.5318522072409566, 0.537166107342365], [0.5427693542049056, 0.536262482286379, 0.5351046345399499, 0.537729790996504, 0.5428664704113044, 0.5406716619433912, 0.5386696068678379, 0.534483454038768, 0.537166107342365, 0.5353616762033135]], "vgg.features.8": [[0.05334725607722571, 0.33161820166119627, 0.48846863163433146, 0.5496920883102034, 0.6830003939890698, 0.8732586211445647, 0.8082066411826679, 0.9050094419261179, 0.887114102124906, 0.9095123699422877], [0.33161820166119627, 0.32474090263604544, 0.47550794564493243, 0.5373761926201417, 0.6691994219673361, 0.8579010684173201, 0.7959758285810076, 0.8904287154776206, 0.8773537572229243, 0.900522499914333], [0.48846863163433146, 0.47550794564493243, 0.47375421177442156, 0.5381273216722863, 0.6683923449475748, 0.8650034136115278, 0.7988898160149337, 0.8963991512047749, 0.8800492777629114, 0.904270692464944], [0.5496920883102034, 0.5373761926201417, 0.5381273216722863, 0.5251307451509126, 0.6498313537785297, 0.8393699802440151, 0.7803889042113151, 0.8742664347481492, 0.8620217785980898, 0.8878740247861479], [0.6830003939890698, 0.6691994219673361, 0.6683923449475748, 0.6498313537785297, 0.6432820144398492, 0.8350700424020555, 0.7766007113480136, 0.8696225871800435, 0.8578277820288477, 0.8828103238982048], [0.8732586211445647, 0.8579010684173201, 0.8650034136115278, 0.8393699802440151, 0.8350700424020555, 0.8314807580262326, 0.7730795734055195, 0.8680455063314713, 0.856583375355531, 0.8793189165277245], [0.8082066411826679, 0.7959758285810076, 0.7988898160149337, 0.7803889042113151, 0.7766007113480136, 0.7730795734055195, 0.765705669463803, 0.8602965578941885, 0.8494823649565864, 0.8728272471555739], [0.9050094419261179, 0.8904287154776206, 0.8963991512047749, 0.8742664347481492, 0.8696225871800435, 0.8680455063314713, 0.8602965578941885, 0.8506097715604334, 0.8395931209464634, 0.8637720108058671], [0.887114102124906, 0.8773537572229243, 0.8800492777629114, 0.8620217785980898, 0.8578277820288477, 0.856583375355531, 0.8494823649565864, 0.8395931209464634, 0.8422467333115202, 0.865618729273765], [0.9095123699422877, 0.900522499914333, 0.904270692464944, 0.8878740247861479, 0.8828103238982048, 0.8793189165277245, 0.8728272471555739, 0.8637720108058671, 0.865618729273765, 0.8548389581312836]], "vgg.features.11": [[0.06931953380473387, 0.4365347876069475, 0.6815345048530287, 0.8749956950799885, 0.9974979729141671, 1.1902450129874926, 1.1911160757793997, 1.2347316874915273, 1.2518321216609616, 1.2665282275319663], [0.4365347876069475, 0.42251092630414366, 0.6667660930660585, 0.8655052572407854, 0.9889028929872588, 1.1826400126417933, 1.184631567933052, 1.2278101395224688, 1.2452400569579039, 1.2610176781898563], [0.6815345048530287, 0.6667660930660585, 0.6778898374964035, 0.8714460448487922, 0.9949489592955527, 1.1896595709989592, 1.1821594574915084, 1.2283614439001875, 1.238267923036593, 1.253758981418183], [0.8749956950799885, 0.8655052572407854, 0.8714460448487922, 0.8613926900754266, 0.9759654097139892, 1.169411545034574, 1.1714027836091963, 1.219396860629466, 1.230636633955355, 1.2507434119179155], [0.9974979729141671, 0.9889028929872588, 0.9949489592955527, 0.9759654097139892, 0.9620906865051996, 1.1541242083714867, 1.1521511449134545, 1.2027497104165428, 1.2130189267332112, 1.2330375041509765], [1.1902450129874926, 1.1826400126417933, 1.1896595709989592, 1.169411545034574, 1.1541242083714867, 1.1529267629912963, 1.1549971953783875, 1.2085063524540822, 1.2206018058563133, 1.2362259288165214], [1.1911160757793997, 1.184631567933052, 1.1821594574915084, 1.1714027836091963, 1.1521511449134545, 1.1549971953783875, 1.138017181155206, 1.1913841115599872, 1.1990840026426812, 1.216278162659582], [1.2347316874915273, 1.2278101395224688, 1.2283614439001875, 1.219396860629466, 1.2027497104165428, 1.2085063524540822, 1.1913841115599872, 1.1835572324362609, 1.191538011393929, 1.212315797129252], [1.2518321216609616, 1.2452400569579039, 1.238267923036593, 1.230636633955355, 1.2130189267332112, 1.2206018058563133, 1.1990840026426812, 1.191538011393929, 1.1895297228971353, 1.2108357695411625], [1.2665282275319663, 1.2610176781898563, 1.253758981418183, 1.2507434119179155, 1.2330375041509765, 1.2362259288165214, 1.216278162659582, 1.212315797129252, 1.2108357695411625, 1.1900697690278514]], "vgg.features.13": [[0.11813471591188468, 0.7499801448677569, 1.1469895752965658, 1.193891806216823, 1.3154634739918571, 1.315297888317788, 1.321855558171722, 1.3571931596787903, 1.3422847250224272, 1.3498989425182115], [0.7499801448677569, 0.7287411626795829, 1.134179518188942, 1.1787980630403032, 1.3064398672592432, 1.3054174827438472, 1.3157893037016917, 1.3495946609567915, 1.3348639117497714, 1.3549438125463118], [1.1469895752965658, 1.134179518188942, 1.116794927483665, 1.1661174855071448, 1.2967384024058555, 1.316904418404379, 1.3166342214753557, 1.3550651142865746, 1.3425304843667465, 1.3504048645704734], [1.193891806216823, 1.1787980630403032, 1.1661174855071448, 1.1446856629333773, 1.2498190638556337, 1.3119239995945777, 1.3124774492941502, 1.3651523897219382, 1.3414369846499608, 1.3697895503306707], [1.3154634739918571, 1.3064398672592432, 1.2967384024058555, 1.2498190638556337, 1.2474806312939437, 1.317873575752755, 1.3064230539211532, 1.352456082928387, 1.3383493869224008, 1.3545846137696171], [1.315297888317788, 1.3054174827438472, 1.316904418404379, 1.3119239995945777, 1.317873575752755, 1.3246779761887781, 1.3090485471468158, 1.3637826297927638, 1.342135056039953, 1.3516022451761667], [1.321855558171722, 1.3157893037016917, 1.3166342214753557, 1.3124774492941502, 1.3064230539211532, 1.3090485471468158, 1.300472158088061, 1.3586316333311925, 1.332215327106077, 1.3431790185184687], [1.3571931596787903, 1.3495946609567915, 1.3550651142865746, 1.3651523897219382, 1.352456082928387, 1.3637826297927638, 1.3586316333311925, 1.3604424378962219, 1.3275788171782594, 1.3503859980254405], [1.3422847250224272, 1.3348639117497714, 1.3425304843667465, 1.3414369846499608, 1.3383493869224008, 1.342135056039953, 1.332215327106077, 1.3275788171782594, 1.3361018760682641, 1.3630815851776705], [1.3498989425182115, 1.3549438125463118, 1.3504048645704734, 1.3697895503306707, 1.3545846137696171, 1.3516022451761667, 1.3431790185184687, 1.3503859980254405, 1.3630815851776705, 1.3448000556335924]]}