{"vgg.features.3": [[0.04013691789458813, 0.31908821793651687, 0.40923479314189576, 0.4561208302073365, 0.5085210594951985, 0.5405117141071043, 0.5761898858732242, 0.5974757805980733, 0.6118691708568195, 0.6261788524040932], [0.31908821793651687, 0.31644129664999965, 0.40675563403093784, 0.4537492807760602, 0.5058699876711562, 0.5379127026694788, 0.5737830047468089, 0.5949188835880694, 0.6095809679231188, 0.6239068484257336], [0.40923479314189576, 0.40675563403093784, 0.40439363607689455, 0.4515930594087715, 0.5033412458752285, 0.5352637578899607, 0.5711703553686949, 0.5923502602931363, 0.6070332577224283, 0.6213762339585555], [0.4561208302073365, 0.4537492807760602, 0.4515930594087715, 0.44919007685791634, 0.5009150374433216, 0.5327820270217798, 0.5687782620185443, 0.5898597756478731, 0.6045701301938339, 0.6187850605016929], [0.5085210594951985, 0.5058699876711562, 0.5033412458752285, 0.5009150374433216, 0.4981582747756199, 0.5295995288911252, 0.5658496546600696, 0.5868667635582953, 0.6018856786120428, 0.616059824842651], [0.5405117141071043, 0.5379127026694788, 0.5352637578899607, 0.5327820270217798, 0.5295995288911252, 0.5269186640039132, 0.5633766399922767, 0.5843350495328046, 0.5998870273421156, 0.6138175281439036], [0.5761898858732242, 0.5737830047468089, 0.5711703553686949, 0.5687782620185443, 0.5658496546600696, 0.5633766399922767, 0.5609456704196985, 0.5817487004918172, 0.5975301323218485, 0.611405378573245], [0.5974757805980733, 0.5949188835880694, 0.5923502602931363, 0.5898597756478731, 0.5868667635582953, 0.5843350495328046, 0.5817487004918172, 0.5790217692652607, 0.5960354137129066, 0.6095199576409907], [0.6118691708568195, 0.6095809679231188, 0.6070332577224283, 0.6045701301938339, 0.6018856786120428, 0.5998870273421156, 0.5975301323218485, 0.5960354137129066, 0.5932876952245366, 0.6068958396072945], [0.6261788524040932, 0.6239068484257336, 0.6213762339585555, 0.6187850605016929, 0.616059824842651, 0.6138175281439036, 0.611405378573245, 0.6095199576409907, 0.6068958396072945, 0.6052458473482204]], "vgg.features.6": [[0.05112490681381725, 0.3464447773984181, 0.44051050411000114, 0.4882915384067952, 0.542155332390899, 0.5850865352434408, 0.6089764601388777, 0.6377522098228389, 0.6376280629138981, 0.6496317406641688], [0.3464447773984181, 0.34204106367356574, 0.4364780523447969, 0.4846810091014434, 0.5382412643002463, 0.580760849672587, 0.6052222759672707, 0.6334162571558121, 0.6342022047925405, 0.6461453603864825], [0.44051050411000114, 0.4364780523447969, 0.4341194861276925, 0.48286219563340566, 0.5359308658297771, 0.5784035423426026, 0.6025842227807322, 0.6306743037842621, 0.6317718938705376, 0.6436266455374099], [0.4882915384067952, 0.4846810091014434, 0.48286219563340566, 0.4811219352517331, 0.5332906275337305, 0.5751465768370072, 0.5997931610098788, 0.6270099170402678, 0.628498590572956, 0.6401297168954327], [0.542155332390899, 0.5382412643002463, 0.5359308658297771, 0.5332906275337305, 0.5314636764496783, 0.5722505885429887, 0.597424497408315, 0.62435134045653, 0.6266686007283891, 0.6380847009529285], [0.5850865352434408, 0.580760849672587, 0.5784035423426026, 0.5751465768370072, 0.5722505885429887, 0.5689409192481962, 0.5944872717961699, 0.6211080340966632, 0.6244786810348164, 0.6353966777829677], [0.6089764601388777, 0.6052222759672707, 0.6025842227807322, 0.5997931610098788, 0.597424497408315, 0.5944872717961699, 0.5916900615746272, 0.6178180628884157, 0.6217204762181273, 0.6323888994509002], [0.6377522098228389, 0.6334162571558121, 0.6306743037842621, 0.6270099170402678, 0.62435134045653, 0.6211080340966632, 0.6178180628884157, 0.6140060465254192, 0.6198364287469639, 0.6298480287418734], [0.6376280629138981, 0.6342022047925405, 0.6317718938705376, 0.628498590572956, 0.6266686007283891, 0.6244786810348164, 0.6217204762181273, 0.6198364287469639, 0.6187786894465954, 0.6288856590910562], [0.6496317406641688, 0.6461453603864825, 0.6436266455374099, 0.6401297168954327, 0.6380847009529285, 0.6353966777829677, 0.6323888994509002, 0.6298480287418734, 0.6288856590910562, 0.6271440015090965]], "vgg.features.8": [[0.07800120788867919, 0.4058442503160579, 0.5121342172873572, 0.5697401049254518, 0.6356263245076554, 0.7020692777925666, 0.7241753415156936, 0.7672192268177349, 0.7698516372587971, 0.7922487513143411], [0.4058442503160579, 0.40104277886501505, 0.5078531022656222, 0.5660804121691876, 0.6312296174364257, 0.6971511825246961, 0.7200935629031421, 0.762518024940425, 0.76607434512041, 0.7884024513827814], [0.5121342172873572, 0.5078531022656222, 0.506205937035658, 0.5644865192845333, 0.6294021390750884, 0.6957582128370725, 0.7184347903284881, 0.7607336831299335, 0.7645440484908247, 0.7868601979594474], [0.5697401049254518, 0.5660804121691876, 0.5644865192845333, 0.5676668805193923, 0.6296307359049435, 0.693642667879677, 0.7174320311945291, 0.7582616588077482, 0.762594992919097, 0.7843548387334539], [0.6356263245076554, 0.6312296174364257, 0.6294021390750884, 0.6296307359049435, 0.6295993561773433, 0.6918672942266534, 0.7164992748242452, 0.7570869707982354, 0.7621149635045719, 0.7834921683339342], [0.7020692777925666, 0.6971511825246961, 0.6957582128370725, 0.693642667879677, 0.6918672942266534, 0.688818834509169, 0.7132691312647081, 0.7535811095697114, 0.7597304831829996, 0.7801974521656609], [0.7241753415156936, 0.7200935629031421, 0.7184347903284881, 0.7174320311945291, 0.7164992748242452, 0.7132691312647081, 0.7093982872621912, 0.7491826772688781, 0.7562450401391235, 0.7764986046100236], [0.7672192268177349, 0.762518024940425, 0.7607336831299335, 0.7582616588077482, 0.7570869707982354, 0.7535811095697114, 0.7491826772688781, 0.7457275281585458, 0.7545703192117309, 0.7741139408622094], [0.7698516372587971, 0.76607434512041, 0.7645440484908247, 0.762594992919097, 0.7621149635045719, 0.7597304831829996, 0.7562450401391235, 0.7545703192117309, 0.754087249800466, 0.773695218637033], [0.7922487513143411, 0.7884024513827814, 0.7868601979594474, 0.7843548387334539, 0.7834921683339342, 0.7801974521656609, 0.7764986046100236, 0.7741139408622094, 0.773695218637033, 0.7712263088270926]], "vgg.features.11": [[0.09103400953551279, 0.43921781381522723, 0.5771564805409124, 0.6596002726633642, 0.7566808158405987, 0.8720632157157526, 0.8849830374176755, 0.9576070661910357, 0.9528799631495205, 0.9918010873639135], [0.43921781381522723, 0.4323477077648039, 0.5695924611900591, 0.6529703484362563, 0.7497577682660914, 0.8648959412971656, 0.878881565017757, 0.9509942965646813, 0.9473927036713083, 0.9863511050255782], [0.5771564805409124, 0.5695924611900591, 0.5700228095983798, 0.6535022949311934, 0.7501167466032105, 0.8663701179875849, 0.8794100551632166, 0.9512124899809263, 0.9473646591921178, 0.9865341205001156], [0.6596002726633642, 0.6529703484362563, 0.6535022949311934, 0.6513358093124612, 0.7450995611374011, 0.8590383621561168, 0.8742956626313015, 0.9451649277501709, 0.941636028502695, 0.981017390979419], [0.7566808158405987, 0.7497577682660914, 0.7501167466032105, 0.7450995611374011, 0.741105746307108, 0.85389119004521, 0.8694955974651069, 0.9404384327198931, 0.9375607489457615, 0.9763875018219829], [0.8720632157157526, 0.8648959412971656, 0.8663701179875849, 0.8590383621561168, 0.85389119004521, 0.8503528218739973, 0.866809962150267, 0.9372540094880667, 0.9358756385855502, 0.9740106988968773], [0.8849830374176755, 0.878881565017757, 0.8794100551632166, 0.8742956626313015, 0.8694955974651069, 0.866809962150267, 0.8612250685532946, 0.9312658104148285, 0.9302736627911273, 0.9687521719301945], [0.9576070661910357, 0.9509942965646813, 0.9512124899809263, 0.9451649277501709, 0.9404384327198931, 0.9372540094880667, 0.9312658104148285, 0.924879754872892, 0.9256757143214345, 0.9643249378426481], [0.9528799631495205, 0.9473927036713083, 0.9473646591921178, 0.941636028502695, 0.9375607489457615, 0.9358756385855502, 0.9302736627911273, 0.9256757143214345, 0.9255162174088288, 0.9638970254055114], [0.9918010873639135, 0.9863511050255782, 0.9865341205001156, 0.981017390979419, 0.9763875018219829, 0.9740106988968773, 0.9687521719301945, 0.9643249378426481, 0.9638970254055114, 0.95832055389714]], "vgg.features.13": [[0.13776483367715223, 0.5989295985569766, 0.7859969080172792, 0.9260254513440203, 1.0384755220364168, 1.1545898687319196, 1.1816327061190972, 1.2443165488009869, 1.2488654819438116, 1.2783771166077784], [0.5989295985569766, 0.5892457073607166, 0.7775303633482525, 0.9194867602668136, 1.0329745218141475, 1.150390175579155, 1.1786935927024382, 1.2410786589691718, 1.2457852864805377, 1.2758420368913777], [0.7859969080172792, 0.7775303633482525, 0.7795936968115297, 0.9218280410732224, 1.0356547170126345, 1.1544192848091672, 1.1811265891941845, 1.2431352031704563, 1.2470118805924006, 1.276148544285285], [0.9260254513440203, 0.9194867602668136, 0.9218280410732224, 0.9192496065153638, 1.0312691300323351, 1.1502739892293705, 1.1791198980358535, 1.2402304551528978, 1.2444536672924333, 1.2742316014583819], [1.0384755220364168, 1.0329745218141475, 1.0356547170126345, 1.0312691300323351, 1.0286990033724415, 1.146597984676375, 1.174864721364342, 1.2368008407159972, 1.2412150782015963, 1.2704342400299466], [1.1545898687319196, 1.150390175579155, 1.1544192848091672, 1.1502739892293705, 1.146597984676375, 1.1439943325671034, 1.1716718708050817, 1.2343462134745784, 1.2392652615788098, 1.2683663222647172], [1.1816327061190972, 1.1786935927024382, 1.1811265891941845, 1.1791198980358535, 1.174864721364342, 1.1716718708050817, 1.1672132043412158, 1.2304433242198523, 1.2349628528993912, 1.26433853457428], [1.2443165488009869, 1.2410786589691718, 1.2431352031704563, 1.2402304551528978, 1.2368008407159972, 1.2343462134745784, 1.2304433242198523, 1.227573097175094, 1.2323177163448764, 1.2626334730819417], [1.2488654819438116, 1.2457852864805377, 1.2470118805924006, 1.2444536672924333, 1.2412150782015963, 1.2392652615788098, 1.2349628528993912, 1.2323177163448764, 1.232642431126097, 1.263090627184254], [1.2783771166077784, 1.2758420368913777, 1.276148544285285, 1.2742316014583819, 1.2704342400299466, 1.2683663222647172, 1.26433853457428, 1.2626334730819417, 1.263090627184254, 1.2591531551443338]]}