{"vgg.features.3": [[0.03465594588419815, 0.24470111801826858, 0.3342129653593687, 0.35663448588373375, 0.4063237856091393, 0.44234901107457386, 0.470386097516973, 0.49524701878798155, 0.5001230927157282, 0.5109377827857143], [0.24470111801826858, 0.23902287396582136, 0.3294755044893291, 0.35277362530100476, 0.4029694002177988, 0.4379015973230767, 0.4661377697269451, 0.4904432106249208, 0.4964201565881011, 0.5071135316098901], [0.3342129653593687, 0.3294755044893291, 0.32542028714015525, 0.34910507219837883, 0.3991139590002667, 0.4334887335042793, 0.4613726967240801, 0.4852925300496914, 0.4914788598051111, 0.5017231893677258], [0.35663448588373375, 0.35277362530100476, 0.34910507219837883, 0.3459713947247479, 0.39657010971869844, 0.4292625853034163, 0.4575951022162135, 0.4809725074969502, 0.4876806787785128, 0.49740091406361114], [0.4063237856091393, 0.4029694002177988, 0.3991139590002667, 0.39657010971869844, 0.39285363524371436, 0.42419996977674795, 0.45296568653345715, 0.47607176516484895, 0.48323228654809786, 0.49265858855854494], [0.44234901107457386, 0.4379015973230767, 0.4334887335042793, 0.4292625853034163, 0.42419996977674795, 0.41860995383841015, 0.4476582556527917, 0.4707016252282725, 0.4793926538721594, 0.4878769170057714], [0.470386097516973, 0.4661377697269451, 0.4613726967240801, 0.4575951022162135, 0.45296568653345715, 0.4476582556527917, 0.44482384962914967, 0.46750560969746796, 0.47630984718005703, 0.48455959215108146], [0.49524701878798155, 0.4904432106249208, 0.4852925300496914, 0.4809725074969502, 0.47607176516484895, 0.4707016252282725, 0.46750560969746796, 0.46430187647334037, 0.4758441126624941, 0.4827082563804316], [0.5001230927157282, 0.4964201565881011, 0.4914788598051111, 0.4876806787785128, 0.48323228654809786, 0.4793926538721594, 0.47630984718005703, 0.4758441126624941, 0.47406273920778513, 0.48050526972085256], [0.5109377827857143, 0.5071135316098901, 0.5017231893677258, 0.49740091406361114, 0.49265858855854494, 0.4878769170057714, 0.48455959215108146, 0.4827082563804316, 0.48050526972085256, 0.4756322404608223]], "vgg.features.6": [[0.05141799299361173, 0.25531977900808783, 0.3402884727119343, 0.38389936427069205, 0.44098316094172685, 0.5369467886227312, 0.5012885031314558, 0.5506429403543002, 0.5262604591146439, 0.5433178094940289], [0.25531977900808783, 0.2461788272122324, 0.3302924771477932, 0.3746448152205812, 0.4321664414747653, 0.5269586066969361, 0.49310414364215827, 0.5414657656988277, 0.5200903002722803, 0.5365290137582959], [0.3402884727119343, 0.3302924771477932, 0.33434013710782934, 0.37925966928812244, 0.43400936482795416, 0.5297944078881256, 0.4927498207672479, 0.5418194320195457, 0.5209467431939252, 0.5356000917740709], [0.38389936427069205, 0.3746448152205812, 0.37925966928812244, 0.3959485366601186, 0.44352415278749663, 0.5336544489832032, 0.5002140706412433, 0.5449019496365968, 0.5252173082118774, 0.5393975263378621], [0.44098316094172685, 0.4321664414747653, 0.43400936482795416, 0.44352415278749663, 0.44793825774990903, 0.5365290137582959, 0.5040058988467864, 0.5502490078211497, 0.5314576782682148, 0.5446683544834294], [0.5369467886227312, 0.5269586066969361, 0.5297944078881256, 0.5336544489832032, 0.5365290137582959, 0.53492068543659, 0.5017111675996074, 0.5484311569845302, 0.5315273004503352, 0.5424747665694541], [0.5012885031314558, 0.49310414364215827, 0.4927498207672479, 0.5002140706412433, 0.5040058988467864, 0.5017111675996074, 0.49731358804851195, 0.5437168260764159, 0.5282996589519284, 0.539158070737463], [0.5506429403543002, 0.5414657656988277, 0.5418194320195457, 0.5449019496365968, 0.5502490078211497, 0.5484311569845302, 0.5437168260764159, 0.540613059253224, 0.5258806144209361, 0.5352774299181677], [0.5262604591146439, 0.5200903002722803, 0.5209467431939252, 0.5252173082118774, 0.5314576782682148, 0.5315273004503352, 0.5282996589519284, 0.5258806144209361, 0.5288902444637354, 0.5379344572967278], [0.5433178094940289, 0.5365290137582959, 0.5356000917740709, 0.5393975263378621, 0.5446683544834294, 0.5424747665694541, 0.539158070737463, 0.5352774299181677, 0.5379344572967278, 0.5351224618028211]], "vgg.features.8": [[0.05518710516897282, 0.33120595136148084, 0.49425945466227694, 0.5430629556255138, 0.678556302021356, 0.8629272499700922, 0.8102511435540001, 0.9081091628591997, 0.8882684555689833, 0.9185535628857344], [0.33120595136148084, 0.32378932469414057, 0.48082458340855866, 0.5301806711754425, 0.6644728869227199, 0.8469216504053995, 0.7973083681871833, 0.8922229219312985, 0.8779545812196792, 0.9085065704665615], [0.49425945466227694, 0.48082458340855866, 0.4769676098598362, 0.5284539519445465, 0.6613836358948816, 0.8519946841147901, 0.7981023134643134, 0.8964828231776023, 0.8798705639350729, 0.9116629414004946], [0.5430629556255138, 0.5301806711754425, 0.5284539519445465, 0.516484733920381, 0.6443622791033103, 0.8279313451518823, 0.7810237024017588, 0.8751189438331791, 0.8626753885076641, 0.8950824507816296], [0.678556302021356, 0.6644728869227199, 0.6613836358948816, 0.6443622791033103, 0.6364191458065978, 0.8220166398426797, 0.7757535892239108, 0.8699523721557694, 0.8585210850014582, 0.8905819342421158], [0.8629272499700922, 0.8469216504053995, 0.8519946841147901, 0.8279313451518823, 0.8220166398426797, 0.818697506240942, 0.7729602725793593, 0.8691528227474385, 0.8582955995509823, 0.8878449180011684], [0.8102511435540001, 0.7973083681871833, 0.7981023134643134, 0.7810237024017588, 0.7757535892239108, 0.7729602725793593, 0.763053738430666, 0.8589716880952089, 0.8486104924635455, 0.8792210975515897], [0.9081091628591997, 0.8922229219312985, 0.8964828231776023, 0.8751189438331791, 0.8699523721557694, 0.8691528227474385, 0.8589716880952089, 0.8503966810282932, 0.8399738252045773, 0.870944018765683], [0.8882684555689833, 0.8779545812196792, 0.8798705639350729, 0.8626753885076641, 0.8585210850014582, 0.8582955995509823, 0.8486104924635455, 0.8399738252045773, 0.8439609488176258, 0.8738210417043081], [0.9185535628857344, 0.9085065704665615, 0.9116629414004946, 0.8950824507816296, 0.8905819342421158, 0.8878449180011684, 0.8792210975515897, 0.870944018765683, 0.8738210417043081, 0.862065517527183]], "vgg.features.11": [[0.07086021011938845, 0.42902049400556747, 0.6732245865158744, 0.8659834762048164, 0.9827159252013319, 1.180741817127814, 1.1875463719814925, 1.2444187432692708, 1.257956424041625, 1.2732405397741162], [0.42902049400556747, 0.41564705774008015, 0.6582790539112696, 0.8568202357495722, 0.9737801590391225, 1.1724743651592655, 1.1809434256873381, 1.2374391568656613, 1.2528228730726183, 1.2690758247173912], [0.6732245865158744, 0.6582790539112696, 0.6679997990264916, 0.8618656114188304, 0.9796699359798792, 1.1802235255399858, 1.1792602527951581, 1.2385539241604655, 1.2477935860712217, 1.263292538172964], [0.8659834762048164, 0.8568202357495722, 0.8618656114188304, 0.8529821042836491, 0.9606724881487113, 1.159430705799192, 1.1674647895658206, 1.2276785786658784, 1.2407519324776652, 1.260987535781748], [0.9827159252013319, 0.9737801590391225, 0.9796699359798792, 0.9606724881487113, 0.9493723028304556, 1.1460056319454381, 1.1494572824030345, 1.211198092764166, 1.225056816733919, 1.2467559508859258], [1.180741817127814, 1.1724743651592655, 1.1802235255399858, 1.159430705799192, 1.1460056319454381, 1.1444455964047224, 1.1520117807219112, 1.2172824726602267, 1.232054454664342, 1.2489074852355249], [1.1875463719814925, 1.1809434256873381, 1.1792602527951581, 1.1674647895658206, 1.1494572824030345, 1.1520117807219112, 1.1333226529040707, 1.197951434451064, 1.2103375739546745, 1.2301922194997543], [1.2444187432692708, 1.2374391568656613, 1.2385539241604655, 1.2276785786658784, 1.211198092764166, 1.2172824726602267, 1.197951434451064, 1.1894768433688918, 1.2020998524613444, 1.2257392411074453], [1.257956424041625, 1.2528228730726183, 1.2477935860712217, 1.2407519324776652, 1.225056816733919, 1.232054454664342, 1.2103375739546745, 1.2020998524613444, 1.203232402394631, 1.2277867460756342], [1.2732405397741162, 1.2690758247173912, 1.263292538172964, 1.260987535781748, 1.2467559508859258, 1.2489074852355249, 1.2301922194997543, 1.2257392411074453, 1.2277867460756342, 1.2078745563436604]], "vgg.features.13": [[0.12030330256126723, 0.7539744107832738, 1.1245373938818548, 1.202557614768902, 1.2840156497521094, 1.30182404425435, 1.3241181627206742, 1.3495502191569437, 1.3438577929616518, 1.3684165479938495], [0.7539744107832738, 0.730331975803976, 1.1053793140630075, 1.1888014772323596, 1.2744346824576933, 1.2883467518701253, 1.3174017626381225, 1.3405653135377815, 1.334903787467252, 1.3746534668216326], [1.1245373938818548, 1.1053793140630075, 1.081812540824296, 1.1719966525643926, 1.259860974009446, 1.3027110087176494, 1.3217884661727821, 1.3479630078744078, 1.3435958416604705, 1.3714325997255032], [1.202557614768902, 1.1888014772323596, 1.1719966525643926, 1.1499228797626508, 1.211605502518458, 1.2903761413456125, 1.3077313254670242, 1.360181321681544, 1.3378621871923198, 1.386849391328273], [1.2840156497521094, 1.2744346824576933, 1.259860974009446, 1.211605502518458, 1.2117616114520118, 1.2973892939144347, 1.3042516405613163, 1.3503918139081459, 1.3363324236631353, 1.3736012326465], [1.30182404425435, 1.2883467518701253, 1.3027110087176494, 1.2903761413456125, 1.2973892939144347, 1.3038531575677232, 1.3057723861131598, 1.3578604413816078, 1.3387079827181518, 1.36993903904953], [1.3241181627206742, 1.3174017626381225, 1.3217884661727821, 1.3077313254670242, 1.3042516405613163, 1.3057723861131598, 1.2946527968288348, 1.3502231930867492, 1.328722976332441, 1.3622788804053447], [1.3495502191569437, 1.3405653135377815, 1.3479630078744078, 1.360181321681544, 1.3503918139081459, 1.3578604413816078, 1.3502231930867492, 1.3479551697766765, 1.324512704037168, 1.369357919269115], [1.3438577929616518, 1.334903787467252, 1.3435958416604705, 1.3378621871923198, 1.3363324236631353, 1.3387079827181518, 1.328722976332441, 1.324512704037168, 1.3345238028527453, 1.378805629751613], [1.3684165479938495, 1.3746534668216326, 1.3714325997255032, 1.386849391328273, 1.3736012326465, 1.36993903904953, 1.3622788804053447, 1.369357919269115, 1.378805629751613, 1.3612560175234785]]}