{"vgg.features.3": [[0.03476389897630043, 0.24386106374410463, 0.33540454659962476, 0.3573617076992387, 0.4064937828776281, 0.44247733240417053, 0.4717023048807794, 0.4960183917522536, 0.5008914750549469, 0.5096370171616004], [0.24386106374410463, 0.23823265015140233, 0.3307494491054886, 0.353615172453215, 0.4033555529237678, 0.43811811660661004, 0.4676116693872941, 0.49145465206671374, 0.4973993460104594, 0.5059548816169842], [0.33540454659962476, 0.3307494491054886, 0.32662955400785004, 0.3498304863304851, 0.39952661184891414, 0.43368819163597394, 0.46272234656543404, 0.48618250646303635, 0.492279023086188, 0.500330625370871], [0.3573617076992387, 0.353615172453215, 0.3498304863304851, 0.3466931587904208, 0.3969919442097959, 0.4292481989595015, 0.4587897344731811, 0.48170434999311734, 0.4883279859412659, 0.4957713087084152], [0.4064937828776281, 0.4033555529237678, 0.39952661184891414, 0.3969919442097959, 0.3937651264382101, 0.42463416571499357, 0.4545490369294667, 0.4772784522733547, 0.48420124147676485, 0.4913299222535526], [0.44247733240417053, 0.43811811660661004, 0.43368819163597394, 0.4292481989595015, 0.42463416571499357, 0.4188186897045401, 0.4490358716087004, 0.4716369746427122, 0.48001405721320606, 0.48628966574178767], [0.4717023048807794, 0.4676116693872941, 0.46272234656543404, 0.4587897344731811, 0.4545490369294667, 0.4490358716087004, 0.4460486552482814, 0.4682673824404948, 0.47666639794066074, 0.48265938568271577], [0.4960183917522536, 0.49145465206671374, 0.48618250646303635, 0.48170434999311734, 0.4772784522733547, 0.4716369746427122, 0.4682673824404948, 0.4652615674955419, 0.47628697761225625, 0.4809087442220049], [0.5008914750549469, 0.4973993460104594, 0.492279023086188, 0.4883279859412659, 0.48420124147676485, 0.48001405721320606, 0.47666639794066074, 0.47628697761225625, 0.47458014919915936, 0.4787066023524071], [0.5096370171616004, 0.5059548816169842, 0.500330625370871, 0.4957713087084152, 0.4913299222535526, 0.48628966574178767, 0.48265938568271577, 0.4809087442220049, 0.4787066023524071, 0.47408438931224994]], "vgg.features.6": [[0.05167342232460674, 0.2508019345856948, 0.33658492278326546, 0.38001260261713576, 0.4371109191937298, 0.53978547004141, 0.49693792741216736, 0.5492530479448752, 0.5282468099709121, 0.5444151633709603], [0.2508019345856948, 0.24193272924273704, 0.32672998905253364, 0.37073820776809707, 0.42839070766097287, 0.5298350915860317, 0.4887983886597313, 0.5402616942870526, 0.5224077409289418, 0.5379524034051326], [0.33658492278326546, 0.32672998905253364, 0.3314330861403624, 0.37602283533537545, 0.43085331555890954, 0.5330179964593855, 0.48871845393097496, 0.5407804341290828, 0.5232781604908001, 0.5370026219353865], [0.38001260261713576, 0.37073820776809707, 0.37602283533537545, 0.3931621436110528, 0.4404715966858581, 0.5363467984495587, 0.49597283863439706, 0.5435019887912663, 0.5271825045353674, 0.5402703638240033], [0.4371109191937298, 0.42839070766097287, 0.43085331555890954, 0.4404715966858581, 0.44567446419748713, 0.5394913114158942, 0.5003619948269313, 0.5493177845335243, 0.5337619304416074, 0.5459186205548942], [0.53978547004141, 0.5298350915860317, 0.5330179964593855, 0.5363467984495587, 0.5394913114158942, 0.5371997793823581, 0.49736826794949357, 0.5468150423741855, 0.5330212027059055, 0.5430860521111369], [0.49693792741216736, 0.4887983886597313, 0.48871845393097496, 0.49597283863439706, 0.5003619948269313, 0.49736826794949357, 0.49302596363118845, 0.5421505871324009, 0.529749071745512, 0.5395463463307008], [0.5492530479448752, 0.5402616942870526, 0.5407804341290828, 0.5435019887912663, 0.5493177845335243, 0.5468150423741855, 0.5421505871324009, 0.5386591582291582, 0.5265487633455944, 0.5350365903623804], [0.5282468099709121, 0.5224077409289418, 0.5232781604908001, 0.5271825045353674, 0.5337619304416074, 0.5330212027059055, 0.529749071745512, 0.5265487633455944, 0.530368632692713, 0.5384788732752097], [0.5444151633709603, 0.5379524034051326, 0.5370026219353865, 0.5402703638240033, 0.5459186205548942, 0.5430860521111369, 0.5395463463307008, 0.5350365903623804, 0.5384788732752097, 0.5354373904554272]], "vgg.features.8": [[0.05540606609762153, 0.3315424986431466, 0.49416258126850754, 0.5429451603782499, 0.6810692267825509, 0.8789127744563409, 0.8184945549063151, 0.9214313285663775, 0.9045985825181664, 0.9332432261924202], [0.3315424986431466, 0.32537936346174096, 0.4812318063145341, 0.5303089803086293, 0.6671718312762706, 0.8632639241853581, 0.8058120019372437, 0.9060189213989671, 0.8950576870631558, 0.9240372489131566], [0.49416258126850754, 0.4812318063145341, 0.47795613058723396, 0.5293375904653682, 0.6651098293478482, 0.8690355216948495, 0.8071384794634334, 0.9106864607182475, 0.896834676276872, 0.9271428561279689], [0.5429451603782499, 0.5303089803086293, 0.5293375904653682, 0.5153708242997822, 0.6463852173062514, 0.8435807950540077, 0.788478987709013, 0.8878823588284239, 0.8785304488656989, 0.909182001726843], [0.6810692267825509, 0.6671718312762706, 0.6651098293478482, 0.6463852173062514, 0.6386412036038494, 0.8369584657002758, 0.782675083401623, 0.8820315623580008, 0.8735532411712031, 0.9039471165149362], [0.8789127744563409, 0.8632639241853581, 0.8690355216948495, 0.8435807950540077, 0.8369584657002758, 0.8329822864001529, 0.7793985887748119, 0.8808951940517963, 0.872883296341153, 0.9010982776338167], [0.8184945549063151, 0.8058120019372437, 0.8071384794634334, 0.788478987709013, 0.782675083401623, 0.7793985887748119, 0.7695081043515771, 0.8707169775410061, 0.8630815918832762, 0.8919771430418636], [0.9214313285663775, 0.9060189213989671, 0.9106864607182475, 0.8878823588284239, 0.8820315623580008, 0.8808951940517963, 0.8707169775410061, 0.8607495232921841, 0.8525545237349348, 0.8821338057294384], [0.9045985825181664, 0.8950576870631558, 0.896834676276872, 0.8785304488656989, 0.8735532411712031, 0.872883296341153, 0.8630815918832762, 0.8525545237349348, 0.8571643779102228, 0.8855135685888263], [0.9332432261924202, 0.9240372489131566, 0.9271428561279689, 0.909182001726843, 0.9039471165149362, 0.9010982776338167, 0.8919771430418636, 0.8821338057294384, 0.8855135685888263, 0.8723822238517198]], "vgg.features.11": [[0.07058932753955749, 0.43321771709738266, 0.6825694774942255, 0.8755818255408497, 0.9955627544484972, 1.1925438950330658, 1.196145819321648, 1.2431123790276806, 1.2601972541420474, 1.2728673397356067], [0.43321771709738266, 0.4206317142940919, 0.6682911125147784, 0.8669962157464627, 0.987643197596244, 1.1855633453819188, 1.1906279380062759, 1.236903540605307, 1.2559393689258638, 1.2692091913427503], [0.6825694774942255, 0.6682911125147784, 0.6799773828585409, 0.8737185718604141, 0.9954960584032282, 1.1935258713394854, 1.1890012959927951, 1.2378394475225665, 1.2499830662845526, 1.2622197553131687], [0.8755818255408497, 0.8669962157464627, 0.8737185718604141, 0.862171005711574, 0.9747278216474816, 1.1718383307461244, 1.1765502776271077, 1.2271097317281119, 1.243818739754392, 1.2595100647591178], [0.9955627544484972, 0.987643197596244, 0.9954960584032282, 0.9747278216474816, 0.9622643499708287, 1.1566107497554337, 1.15786264782362, 1.2113000906445068, 1.2277066399468728, 1.244400509101828], [1.1925438950330658, 1.1855633453819188, 1.1935258713394854, 1.1718383307461244, 1.1566107497554337, 1.1553294667160612, 1.1611701360142084, 1.2176793255680092, 1.234672047501785, 1.246760598329453], [1.196145819321648, 1.1906279380062759, 1.1890012959927951, 1.1765502776271077, 1.15786264782362, 1.1611701360142084, 1.1422764847257667, 1.199144497609235, 1.213091099889705, 1.227766154605771], [1.2431123790276806, 1.236903540605307, 1.2378394475225665, 1.2271097317281119, 1.2113000906445068, 1.2176793255680092, 1.199144497609235, 1.1908993898401443, 1.2045326869479491, 1.2226439405036724], [1.2601972541420474, 1.2559393689258638, 1.2499830662845526, 1.243818739754392, 1.2277066399468728, 1.234672047501785, 1.213091099889705, 1.2045326869479491, 1.2054121041315675, 1.2240385028039011], [1.2728673397356067, 1.2692091913427503, 1.2622197553131687, 1.2595100647591178, 1.244400509101828, 1.246760598329453, 1.227766154605771, 1.2226439405036724, 1.2240385028039011, 1.2038648175450357]], "vgg.features.13": [[0.12106384499168217, 0.7694635918865654, 1.1427453934587504, 1.2124177364918598, 1.3032647199763552, 1.3057573123981372, 1.3292126955636103, 1.3532106618834434, 1.3472348502328468, 1.3745020185116186], [0.7694635918865654, 0.7459625612074904, 1.1301518327473548, 1.1993239930350919, 1.2967953781068122, 1.2938711521154938, 1.3230414479173873, 1.3448777593743908, 1.3391238954870688, 1.381226663916524], [1.1427453934587504, 1.1301518327473548, 1.1096724732589898, 1.1858280379285004, 1.2873900494140484, 1.3060908809859038, 1.325585274807764, 1.3543309349970027, 1.3493523933429992, 1.3792345014085516], [1.2124177364918598, 1.1993239930350919, 1.1858280379285004, 1.1590504797113157, 1.2356709211152297, 1.2919797778338191, 1.3084203876613223, 1.364472362736901, 1.341568262793265, 1.3981472062575322], [1.3032647199763552, 1.2967953781068122, 1.2873900494140484, 1.2356709211152297, 1.2345009431336706, 1.296163820064684, 1.3034224492375233, 1.3516920970823751, 1.33858861174506, 1.3843450480797679], [1.3057573123981372, 1.2938711521154938, 1.3060908809859038, 1.2919797778338191, 1.296163820064684, 1.3030583951014945, 1.3048333712791766, 1.3623656939891102, 1.3407676775421642, 1.3816404914698512], [1.3292126955636103, 1.3230414479173873, 1.325585274807764, 1.3084203876613223, 1.3034224492375233, 1.3048333712791766, 1.2939120441023877, 1.3541525242951438, 1.3309879465213195, 1.373940324279328], [1.3532106618834434, 1.3448777593743908, 1.3543309349970027, 1.364472362736901, 1.3516920970823751, 1.3623656939891102, 1.3541525242951438, 1.3541650118350166, 1.3286815905126432, 1.382552832696374], [1.3472348502328468, 1.3391238954870688, 1.3493523933429992, 1.341568262793265, 1.33858861174506, 1.3407676775421642, 1.3309879465213195, 1.3286815905126432, 1.339624972534318, 1.3933405817969466], [1.3745020185116186, 1.381226663916524, 1.3792345014085516, 1.3981472062575322, 1.3843450480797679, 1.3816404914698512, 1.373940324279328, 1.382552832696374, 1.3933405817969466, 1.3754816521367257]]}